6 0.653234649122807 0.2452485380116959 0.14638157894736842 0.08114035087719298
2 0.7351973684210527 0.2595029239766082 0.013157894736842105 0.039473684210526314
2 0.7280701754385965 0.26973684210526316 0.015350877192982455 0.029239766081871343
2 0.75 0.27010233918128657 0.017543859649122806 0.03289473684210526
6 0.5633223684210527 0.4378654970760234 0.19024122807017543 0.11988304093567251
2 0.6779057017543859 0.464546783625731 0.015899122807017545 0.056286549707602336
2 0.6644736842105263 0.46600877192982454 0.01864035087719298 0.06067251461988304
2 0.6932565789473685 0.4682017543859649 0.015899122807017545 0.0577485380116959
2 0.3675986842105263 0.6388888888888888 0.015899122807017545 0.023391812865497075
2 0.2099780701754386 0.6666666666666666 0.029605263157894735 0.07309941520467836
2 0.1543311403508772 0.6776315789473685 0.03453947368421053 0.07309941520467836
2 0.5553728070175439 0.6955409356725146 0.03179824561403509 0.07383040935672515
2 0.36101973684210525 0.7094298245614035 0.023574561403508772 0.07675438596491228
2 0.2741228070175439 0.7174707602339181 0.021929824561403508 0.07675438596491228
6 0.4237938596491228 0.6864035087719298 0.23300438596491227 0.13230994152046785
2 0.65625 0.4692982456140351 0.01699561403508772 0.07090643274853801
