6 0.660637087599545 0.2686815039622324 0.15448110226267212 0.09405946158601695
2 0.7451143976741246 0.28872309335131796 0.014903299203640396 0.04153318720845269
2 0.7375426621160409 0.2990529983701456 0.017001643281506648 0.031000955431911427
2 0.7602831500442422 0.3007109537458551 0.019352799898875058 0.03564323048389815
6 0.5614966502338515 0.4625414488843927 0.20123878144355964 0.13685157084246619
2 0.6793072936417646 0.49756645871972127 0.01803817469346486 0.05909627381554529
2 0.665345721147769 0.4985331310065756 0.020970800151687594 0.0645197549598156
2 0.695164960182025 0.5023689091215647 0.018063455947414944 0.060613724498398094
2 0.3521805081532044 0.6585005339178329 0.017481987106560494 0.025712358792783697
2 0.18794084186575652 0.6770640139380656 0.03313108330173181 0.07789018153206313
2 0.1300404500063203 0.6846456471646153 0.03825053722664645 0.07809250828977701
2 0.545095436733662 0.7295200359692013 0.03541903678422462 0.07873882987691792
2 0.34328782707622296 0.731034676558197 0.026937176083933794 0.08143651997976743
2 0.2530211098470484 0.7339206429494746 0.025230691442295568 0.08136907772719615
6 0.40907597016812036 0.7112375653346821 0.24583491341170516 0.1522621255549936
2 0.6567627354316774 0.5012308211094251 0.02001011250158016 0.07509694823807105
