6 0.2951435288294976 0.31190633426889003 0.16420852924193685 0.13408177865830162
2 0.2153262393796915 0.3496753068075505 0.02171904644065001 0.04388311045071813
2 0.22393178256207208 0.3578284079027021 0.021929390414913843 0.03498981894227062
2 0.20220654953394376 0.364410324142865 0.02485770848799799 0.038814594683836856
6 0.4130722593417471 0.4772907379891035 0.21636971046770595 0.18881184304661272
2 0.30257155819516623 0.5369132133619504 0.028536665841788322 0.06195586373892464
2 0.3160500701146581 0.5344697595069066 0.03207951827105498 0.0672885366793241
2 0.2877629299678297 0.5448847064003082 0.028594407324919604 0.06344174783996476
2 0.6378165470593087 0.6204831874965605 0.02114163160933761 0.029024269440316944
2 0.7991256289697268 0.6023058719938363 0.046048832797162285 0.08341863408728194
2 0.8562072094366081 0.5971217874635408 0.0505609172647035 0.08508062297066751
2 0.45842200775385633 0.7309559187716691 0.0483337457724986 0.08499257057949487
2 0.6546914955044131 0.6884899014913874 0.04053864554978145 0.08468438721039018
2 0.7423451290934587 0.6714930383578229 0.038868266930627775 0.08461834791701073
6 0.5885053204652314 0.6840129877276979 0.2619236162666006 0.2165758626382698
2 0.3249443207126948 0.5351934400968577 0.033011630784459234 0.07696879643387809
