1 0.45849609375 0.4215686274509804 0.068359375 0.08986928104575163
8 0.1689453125 0.22140522875816993 0.0244140625 0.027777777777777776
8 0.578125 0.31209150326797386 0.1328125 0.12745098039215685
6 0.42431640625 0.6176470588235294 0.13671875 0.2107843137254902
2 0.396484375 0.6070261437908496 0.0234375 0.07026143790849673
2 0.38232421875 0.545751633986928 0.013671875 0.04738562091503268
2 0.40625 0.5383986928104575 0.01953125 0.0392156862745098
6 0.23779296875 0.33986928104575165 0.0458984375 0.0718954248366013
6 0.12060546875 0.2312091503267974 0.0224609375 0.029411764705882353
6 0.17529296875 0.26552287581699346 0.0244140625 0.0392156862745098
6 0.15234375 0.25245098039215685 0.025390625 0.03758169934640523
6 0.06982421875 0.21568627450980393 0.0146484375 0.0196078431372549
6 0.05224609375 0.2107843137254902 0.015625 0.0196078431372549
6 0.1025390625 0.22794117647058823 0.021484375 0.024509803921568627
