2 0.311328125 0.5083333333333333 0.05546875 0.23055555555555557
2 0.349609375 0.38333333333333336 0.05078125 0.2152777777777778
2 0.312109375 0.29305555555555557 0.05390625 0.2013888888888889
2 0.371484375 0.28541666666666665 0.04453125 0.19722222222222222
2 0.396484375 0.6479166666666667 0.075 0.25416666666666665
2 0.373828125 0.5298611111111111 0.0390625 0.17222222222222222
2 0.462890625 0.6583333333333333 0.06875 0.2111111111111111
2 0.519140625 0.48680555555555555 0.11171875 0.17083333333333334
2 0.591015625 0.46597222222222223 0.0625 0.2513888888888889
1 0.36796875 0.1076388888888889 0.315625 0.2152777777777778
1 0.737890625 0.11180555555555556 0.2828125 0.22361111111111112
