2 0.977070379381815 0.1431730237700387 0.04585924123637004 0.09773355444997237
2 0.9572316842389835 0.2392482034273079 0.085536631522033 0.22520729684908797
2 0.9640398305848427 0.4033443891652847 0.07192033883031461 0.1852404643449419
2 0.8843696494548077 0.4444168048645661 0.09454807605659188 0.14567901234567898
2 0.9003649635036495 0.6245623733185922 0.06789222312336676 0.15273631840796015
2 0.8442056411642787 0.6117283950617284 0.10021627466882936 0.2850377740925005
2 0.7682031179598091 0.5730698360051594 0.08081463458592426 0.20515938824396532
2 0.7509011444534558 0.7226183895338124 0.09155627647111815 0.2749585406301823
2 0.685117599351176 0.7173945089367976 0.07301072361899615 0.17022295927768566
2 0.5982337568712265 0.8095264418647503 0.07526358475263571 0.15782200110558323
2 0.4763584752635848 0.7541459369817579 0.07673245021176901 0.17525336281555193
2 0.39826529692709745 0.7391560714943799 0.10464089393529784 0.1707020453289111
2 0.3652293412634045 0.8105675327068363 0.08210327115436597 0.2101529390086605
2 0.2928178787059566 0.7258245807997051 0.144372352888168 0.31057674590012896
2 0.275669099756691 0.8019716233646581 0.11549067315490674 0.24796388428229246
2 0.18425250067585836 0.8332135618205271 0.09276381003874917 0.19041827897549285
2 0.1075425790754258 0.5358024691358025 0.09760295575380735 0.2725631103740557
2 0.450274849058304 0.09143173023770038 0.08303144994142558 0.18286346047540075
