6 0.5161293417770102 0.1823988603988604 0.15011194268534508 0.2957948717948718
6 0.34760762489605324 0.3038404558404558 0.16765815902258044 0.22526495726495727
8 0.34996481801317725 0.4876353276353276 0.1907183522036718 0.19480341880341887
8 0.09879421736071131 0.6317037037037038 0.13419689119170986 0.25097435897435916
0 0.2415147444508412 0.5498290598290598 0.10768886330198937 0.1783247863247862
0 0.025023987718288235 0.6965584045584046 0.05004797543657647 0.13919088319088307
2 0.5079703191965714 0.38479202279202274 0.05387321691294045 0.04070655270655275
2 0.4939263097294186 0.3603646723646724 0.05130813023731839 0.04374928774928776
2 0.4738629821531376 0.3329401709401709 0.04695196059617482 0.039076923076923044
2 0.46727115716753015 0.45070655270655274 0.020437535981577302 0.06949287749287753
2 0.4545896500991492 0.4701025641025641 0.022151858248576784 0.06797720797720803
2 0.45639032815198616 0.5131509971509971 0.021134778993155436 0.049504273504273374
