8 0.498161865569273 0.30718954248366015 0.09371742112482859 0.09467787114845938
8 0.5295747599451303 0.2695845004668534 0.10090534979423856 0.09066293183940245
8 0.5619753086419753 0.39288048552754434 0.10438957475994526 0.08655462184873959
8 0.5772153635116598 0.36514939309056954 0.08161865569272987 0.07549019607843138
8 0.6085733882030178 0.4684873949579832 0.08139917695473245 0.07128851540616248
8 0.6434019204389575 0.5317693744164332 0.07366255144032931 0.06479925303454713
1 0.22864197530864197 0.5432773109243698 0.08510288065843626 0.07138188608776841
1 0.25229080932784637 0.5700280112044819 0.09251028806584366 0.07156862745098026
1 0.3242112482853224 0.6334267040149393 0.07769547325102874 0.07119514472455654
1 0.3816872427983539 0.6687908496732026 0.06189300411522633 0.0519140989729225
1 0.39917695473251025 0.6841269841269841 0.06211248285322355 0.056115779645191405
8 0.48445816186556934 0.22233893557422968 0.1056790123456789 0.04042950513538748
8 0.6290946502057613 0.4353641456582633 0.03552812071330596 0.04285714285714281
8 0.6588888888888889 0.5797619047619048 0.06504801097393688 0.04150326797385604
8 0.6941426611796981 0.615686274509804 0.06930041152263373 0.05210084033613436
8 0.7094101508916324 0.6594771241830066 0.06908093278463652 0.04789915966386545
8 0.7295747599451303 0.6905228758169935 0.053388203017832606 0.030718954248366098
8 0.6930864197530864 0.559967320261438 0.0322633744855967 0.05116713352007481
8 0.6600548696844993 0.4955882352941176 0.03552812071330596 0.04285714285714281
8 0.7561179698216736 0.7371848739495798 0.05753086419753075 0.03921568627450996
