1 0.8088386691776521 0.7910941475826971 0.11869428750784687 0.17942700970690795
2 0.727940991839297 0.8072330600320422 0.09569365976145641 0.043662237300914036
2 0.6604896421845574 0.8297003109980209 0.09731324544883865 0.0399208368674017
4 0.4793220338983051 0.6401847139760626 0.17821720025109855 0.1922438978418622
4 0.4134965473948525 0.7951559702195834 0.1642812303829253 0.17255678069927424
4 0.37140615191462645 0.6500282725473565 0.11465160075329567 0.1461973423805484
8 0.45981795354676713 0.4680473093959099 0.20090395480225984 0.22630289322401284
1 0.7044256120527307 0.2796437659033079 0.14480853735091023 0.12974271981905566
1 0.7008976773383554 0.8881632268400715 0.12587570621468924 0.028479879370464423
6 0.5396170747018205 0.2067335783620771 0.1788575015693661 0.13888417679766282
2 0.4641117388575016 0.25049005748751296 0.07694915254237304 0.03774385072094998
2 0.4626428123038293 0.15301102629346905 0.051173885750156814 0.018801243992083678
2 0.44817953546767103 0.19820940533408726 0.056534839924670524 0.0330223353124116
2 0.4426428123038293 0.22088398831401374 0.06321406151914628 0.028234850626708184
4 0.31318895166352795 0.7633163698049195 0.12274952919020715 0.12749034021298675
4 0.3596735718769617 0.8577042691546508 0.1594099183929693 0.0973423805484875
4 0.2688072818581293 0.8632127037979456 0.10155681104833646 0.08332862124210731
1 0.09681104833647207 0.7676986146451794 0.11020715630885124 0.09261144095749672
