2 0.04524492234169653 0.49903958399660403 0.04409796893667862 0.13638968481375366
2 0.031239545997610512 0.4295659556404542 0.039952210274790914 0.10874456118009132
2 0.2584438470728793 0.35404860447840386 0.03916965352449223 0.11439032155364533
2 0.285642174432497 0.39490077470020163 0.03926523297491038 0.13731295765679719
2 0.42978793309438473 0.23281332908840072 0.031087216248506556 0.10924334076196536
2 0.4898207885304659 0.3117743818316884 0.03520310633213864 0.12972514061339274
2 0.5074820788530466 0.2905656372705084 0.041636798088410934 0.12610633556192297
2 0.5302329749103942 0.23227210018040967 0.05295698924731171 0.13445824047543245
2 0.4854480286738351 0.23053698397537942 0.028524492234169706 0.07460469065053593
2 0.343121266427718 0.5386288867664225 0.058530465949820795 0.1178605539637058
2 0.33416666666666667 0.5195054653507376 0.05931302270011946 0.1122147935901518
2 0.4635573476702509 0.5918815663801337 0.054545997610513784 0.12889737875411225
2 0.4323984468339307 0.5686458664968693 0.060059737156511285 0.09797304467791586
2 0.42130824372759856 0.5210813965828293 0.057658303464755124 0.10201634299055509
2 0.42477001194743136 0.4805847394672609 0.06324372759856631 0.08828398599172244
2 0.6357586618876941 0.5794863631539849 0.0777956989247312 0.09840815027061442
2 0.5165292712066906 0.6221373235699883 0.06156511350059741 0.07235487636633761
2 0.6856511350059736 0.5484346810994375 0.07572281959378745 0.18124801018783837
2 0.7720191158900837 0.6547224875305104 0.06422939068100354 0.13134882733736597
2 0.6741457586618876 0.20780536983975376 0.04165471923536445 0.13040432983126396
8 0.4629778972520908 0.743155046163642 0.5097729988052567 0.4632282712511941
8 0.6088709677419355 0.8066274010400084 0.5583393070489845 0.3179772896105275
