8 0.24293186316087081 0.441507024265645 0.12567147299971726 0.056529374201788024
8 0.4391433418150975 0.4541746487867178 0.146169069833192 0.06738505747126433
8 0.5726604467062483 0.4687340357598978 0.15026858919988695 0.06955619412515962
1 0.6474413344642352 0.4862787356321839 0.09372349448685321 0.04562579821200516
8 0.7612383375742154 0.48136973180076625 0.17811704834605582 0.0782886334610472
4 0.8606870229007634 0.4979406130268199 0.16228442182640662 0.07391443167305238
4 0.9412637828668363 0.5134738186462324 0.11747243426632738 0.07611749680715203
8 0.733319197059655 0.3994013409961686 0.3456318914334181 0.10483716475095786
1 0.9763924229573084 0.8637771392081737 0.04721515408538313 0.11270753512132824
8 0.3468334746960702 0.44840357598978287 0.1358495900480634 0.0759578544061302
6 0.10849590048063332 0.43448275862068964 0.11125247384789369 0.0629310344827586
