2 0.6044642857142858 0.01963368477967018 0.05907738095238102 0.03926736955934036
2 0.7241815476190476 0.16362530413625304 0.04985119047619056 0.043119762097864306
2 0.6894345238095239 0.19937821032711547 0.0452380952380952 0.04184914841849146
2 0.7139136904761906 0.2624357934576913 0.037797619047619184 0.03568532035685325
2 0.5036458333333333 0.34356582860232493 0.029910714285714235 0.025871857258718555
2 0.4577380952380952 0.3794539064612058 0.02752976190476199 0.024628277912949543
2 0.4476934523809524 0.40698837523655046 0.027380952380952346 0.023411732900784094
2 0.5215029761904761 0.4438632062719654 0.020089285714285716 0.0184644498513112
2 0.5756696428571428 0.45721816707218166 0.017708333333333468 0.017220870505542052
2 0.6319940476190476 0.4790754257907543 0.017261904761904794 0.0135712354690457
1 0.9119791666666667 0.4013652338469857 0.09955357142857148 0.048580697485807046
2 0.6748511904761905 0.4913490132468235 0.029613095238095206 0.023438767234387654
2 0.7454613095238096 0.5203433360367667 0.020535714285714386 0.02211408488780755
2 0.8151041666666666 0.5414301162476345 0.027380952380952346 0.023411732900784094
