0 0.26391083026154116 0.5406879677605066 0.2668773038441285 0.11525618883131834
0 0.9053010356327893 0.4959700633275763 0.1764086361242757 0.0819804260218768
2 0.39874495348428995 0.5548934945308003 0.05281727224855187 0.051784686240644764
2 0.4332104616464806 0.546286701208981 0.06478848516763205 0.06113989637305706
2 0.3765753905564332 0.5301813471502591 0.04067052834825351 0.02947610823258496
2 0.7800421274354924 0.47440990213010936 0.04330349306652649 0.04896373056994813
2 0.8096015446726348 0.47822394933793894 0.036247147621555224 0.052677029360967284
2 0.9798665964542742 0.4125791594703512 0.028997718097244073 0.042141623488773705
2 0.9424521678076181 0.3765831894070236 0.031191855362471516 0.029245826137017854
2 0.8739424258381605 0.36270869314910764 0.04556784272424099 0.04124928036845134
2 0.7640337019483939 0.34466033390903855 0.03126206775495884 0.03442717328727692
2 0.7285852202913814 0.3383995394358088 0.033754607688257166 0.0435521013241221
2 0.6151922064244338 0.31525618883131834 0.03361418290328251 0.033189407023603894
