6 0.1460970464135021 0.2101123595505618 0.2352320675105485 0.4202247191011236
6 0.4855836849507736 0.29013732833957556 0.16627988748241923 0.39101123595505616
6 0.8300808720112517 0.41713483146067415 0.22099156118143473 0.4296504369538078
2 0.35857946554149084 0.40480649188514356 0.02556258790436007 0.07397003745318347
2 0.28138185654008435 0.5793695380774032 0.02714486638537273 0.07403245942571784
2 0.304606188466948 0.5897003745318352 0.022116736990154685 0.06260923845193508
2 0.3131680731364276 0.5837390761548065 0.015646976090014104 0.05674157303370783
2 0.42515822784810126 0.6285268414481898 0.02060478199718709 0.06535580524344566
2 0.43806258790436003 0.6378589263420724 0.02060478199718709 0.06535580524344566
2 0.4099507735583685 0.6220973782771536 0.022187060478199745 0.06541822721598003
2 0.3997362869198312 0.6253121098626716 0.018881856540084483 0.05967540574282138
2 0.39251054852320677 0.6213795255930087 0.020534458509142026 0.0625468164794007
2 0.450210970464135 0.6486267166042446 0.023769338959212225 0.06548064918851441
2 0.46462728551336147 0.6550873907615481 0.02232770745428969 0.07103620474406992
2 0.490857946554149 0.6273408239700374 0.023839662447257288 0.06828963795255935
2 0.28669127988748244 0.41186017478152315 0.02225738396624472 0.06822721598002497
2 0.14917369901547115 0.5494382022471911 0.025351617440225065 0.0655430711610488
2 0.6377812939521801 0.5807740324594256 0.023769338959212405 0.06548064918851441
2 0.8588959212376935 0.7773096129837703 0.02528129395217982 0.06273408239700386
2 0.7734704641350211 0.7497503121098626 0.022116736990154685 0.06260923845193508
2 0.7547116736990155 0.7279962546816479 0.025351617440225065 0.06554307116104847
2 0.7293248945147679 0.7261860174781524 0.02039381153305208 0.05692883895131082
2 0.7397855133614628 0.7328027465667916 0.0220464135021098 0.05980024968789015
2 0.7068917018284108 0.7158239700374531 0.023839662447257288 0.06828963795255935
2 0.6668424753867792 0.697721598002497 0.0220464135021098 0.05980024968789015
2 0.6566807313642757 0.7346754057428214 0.02549226441631501 0.07116104868913868
2 0.642317158931083 0.6986891385767791 0.02039381153305208 0.05692883895131082
2 0.6315752461322082 0.6808364544319601 0.020253164556961953 0.05131086142322093
2 0.6303445850914206 0.7582084893882647 0.026863572433192658 0.06279650436953824
2 0.7188466947960619 0.8770287141073656 0.017018284106891574 0.04837702871410723
2 0.6045182841068917 0.7072097378277153 0.02039381153305208 0.05692883895131082
2 0.13503867791842475 0.5542134831460674 0.022187060478199745 0.06541822721598003
2 0.37906118143459916 0.6219101123595505 0.023769338959212405 0.06548064918851441
