8 0.26838235294117646 0.4875 0.23161764705882354 0.07083333333333333
8 0.30514705882352944 0.45 0.16911764705882354 0.041666666666666664
8 0.6121323529411765 0.4479166666666667 0.19117647058823528 0.05625
8 0.5110294117647058 0.44166666666666665 0.15073529411764705 0.052083333333333336
8 0.7628676470588235 0.428125 0.15073529411764705 0.04375
8 0.8198529411764706 0.4510416666666667 0.15808823529411764 0.04375
1 0.9466911764705882 0.47291666666666665 0.09191176470588236 0.020833333333333332
8 0.9558823529411765 0.4354166666666667 0.08823529411764706 0.052083333333333336
8 0.9375 0.4125 0.125 0.05
8 0.06985294117647059 0.496875 0.13970588235294118 0.08333333333333333
