1 0.8260361552028218 0.7245670995670996 0.13681657848324508 0.0648629148629148
1 0.47297178130511464 0.6102453102453104 0.18192239858906523 0.07081529581529589
1 0.7330577601410935 0.4945165945165946 0.1534391534391534 0.05230880230880223
1 0.9197089947089948 0.5079906204906205 0.072310405643739 0.04224386724386727
1 0.9269620811287479 0.4316919191919192 0.072310405643739 0.04224386724386727
1 0.84701278659612 0.4411435786435786 0.09689153439153435 0.05093795093795087
1 0.6366622574955908 0.39455266955266954 0.09345238095238088 0.045995670995671055
1 0.4718143738977072 0.40275974025974026 0.08436948853615518 0.044155844155844136
1 0.03063271604938271 0.47447691197691194 0.06126543209876542 0.04635642135642134
1 0.22314814814814815 0.2885281385281386 0.06199294532627868 0.027417027417027458
1 0.1773258377425044 0.2841630591630592 0.07374338624338626 0.026082251082251075
1 0.5075286596119929 0.2937950937950938 0.05634920634920636 0.030519480519480446
1 0.8398809523809524 0.32788600288600284 0.0858024691358024 0.02799422799422794
1 0.6843364197530865 0.37943722943722946 0.07107583774250446 0.029256854256854287
1 0.046097883597883596 0.25250721500721496 0.028791887125220468 0.021753246753246715
1 0.5405533509700176 0.2758838383838384 0.07061287477954148 0.024386724386724415
1 0.34800485008818344 0.245995670995671 0.047111992945326295 0.027056277056277087
1 0.4339616402116402 0.2204184704184704 0.05870811287477957 0.02409812409812408
1 0.3507826278659612 0.21677489177489176 0.04634038800705467 0.01893939393939397
0 0.28994708994708995 0.33896103896103896 0.13948412698412702 0.06168831168831169
