6 0.29374495560936237 0.40792995966263296 0.05891848264729616 0.10491382471580483
6 0.33611783696529457 0.4034378437843784 0.06481033091202579 0.10060506050605061
6 0.39087974172719936 0.38899889988998904 0.058595641646489074 0.09501283461679493
6 0.4458837772397094 0.38563439677301065 0.05835351089588383 0.0875870920425375
6 0.4864810330912026 0.3985973597359736 0.05472154963680393 0.08720205353868724
6 0.32723970944309927 0.5647139713971397 0.07086359967715897 0.10124679134580133
6 0.42296206618240517 0.88510267693436 0.05464083938660209 0.0847268060139349
4 0.3241727199354318 0.2702695269526953 0.05673930589184827 0.11208287495416207
6 0.5046408393866021 0.8961771177117711 0.031961259079903256 0.09218921892189239
6 0.5523002421307507 0.859057572423909 0.03502824858757069 0.07524752475247519
6 0.6213075060532688 0.7407407407407407 0.045762711864406724 0.10845251191785837
6 0.6474172719935432 0.643005133846718 0.034140435835351146 0.08502016868353514
6 0.6758272800645683 0.6227264393105978 0.025665859564164704 0.0841217455078841
6 0.6544390637610976 0.7976622662266227 0.03583535108958827 0.13700036670333685
6 0.6760290556900727 0.857040704070407 0.02695722356739304 0.12372570590392369
6 0.30472154963680387 0.6818023469013567 0.06553672316384179 0.12288228822882274
6 0.307909604519774 0.17702603593692703 0.057627118644067825 0.10231023102310233
6 0.3542776432606941 0.23501100110011 0.033252623083131594 0.09479281261459481
6 0.39741727199354315 0.244004400440044 0.05569007263922518 0.11690502383571694
6 0.4381759483454399 0.252016868353502 0.044229217110573 0.09842317565089838
6 0.4878127522195319 0.26525485881921523 0.044309927360774846 0.10089842317565086
6 0.5229217110573042 0.2615328199486615 0.0405165456012914 0.09556288962229556
6 0.542090395480226 0.21016685001833516 0.040112994350282476 0.08318665199853319
6 0.5732041969330105 0.21796846351301793 0.034624697336561636 0.09987165383204985
6 0.5324051654560129 0.8957004033736707 0.03623890234059733 0.07537587092042543
