8 0.40035377358490565 0.55 0.08608490566037735 0.15625
8 0.3142688679245283 0.41458333333333336 0.0625 0.11041666666666666
8 0.2505896226415094 0.3125 0.04716981132075472 0.08333333333333333
8 0.2529481132075472 0.2708333333333333 0.07783018867924528 0.052083333333333336
8 0.31662735849056606 0.290625 0.04363207547169811 0.06875
8 0.3543632075471698 0.334375 0.04834905660377359 0.08125
8 0.41568396226415094 0.40208333333333335 0.07429245283018868 0.1125
8 0.5 0.5010416666666667 0.10023584905660378 0.14166666666666666
8 0.5141509433962265 0.37604166666666666 0.08018867924528301 0.10416666666666667
8 0.6031839622641509 0.440625 0.10495283018867925 0.13333333333333333
8 0.5760613207547169 0.328125 0.06839622641509434 0.08125
8 0.4634433962264151 0.25104166666666666 0.045990566037735846 0.058333333333333334
8 0.7110849056603774 0.4239583333333333 0.10141509433962265 0.1125
2 0.3331367924528302 0.24270833333333333 0.008254716981132075 0.022916666666666665
2 0.42747641509433965 0.25833333333333336 0.007075471698113208 0.03333333333333333
