5 0.45695495495495503 0.5577101139601139 0.4968248248248248 0.32856125356125354
2 0.5464724724724724 0.5321225071225071 0.04080080080080083 0.18037749287749288
1 0.5257757757757758 0.12143874643874643 0.09522322322322317 0.07638888888888887
2 0.6041961961961962 0.16237535612535614 0.019659659659659694 0.07813390313390312
2 0.6721381381381382 0.08682336182336181 0.014458458458458473 0.05762108262108262
2 0.6925025025025024 0.16087962962962962 0.02199799799799793 0.08885327635327633
2 0.7071971971971972 0.18632478632478633 0.018818818818818802 0.09248575498575502
2 0.7342082082082082 0.185505698005698 0.025941941941942 0.09871794871794869
2 0.7197777777777778 0.1441951566951567 0.02180580580580583 0.0773148148148148
2 0.7321101101101102 0.11696937321937323 0.02221821821821814 0.06965811965811967
2 0.7797477477477477 0.1258368945868946 0.026542542542542465 0.06994301994301996
2 0.8643663663663663 0.11882122507122507 0.029405405405405455 0.07973646723646724
2 0.9726706706706707 0.13233618233618233 0.03983583583583577 0.09002849002849007
2 0.9630750750750751 0.2707977207977208 0.03485885885885895 0.08297720797720798
2 0.7585985985985986 0.2933938746438747 0.033681681681681695 0.07713675213675208
2 0.7886026026026025 0.06426282051282049 0.020024024024024166 0.0675925925925926
2 0.8095755755755756 0.10178062678062677 0.018922922922922865 0.03390313390313388
2 0.8077677677677678 0.06444088319088319 0.017209209209209018 0.06068376068376069
2 0.8170370370370371 0.059027777777777776 0.01673273273273259 0.06449430199430199
2 0.8274974974974976 0.06314102564102564 0.017781781781781615 0.06264245014245015
2 0.8996116116116116 0.06127136752136751 0.012152152152152053 0.04882478632478632
