1 0.06428571428571428 0.64921875 0.12857142857142856 0.0515625
1 0.44285714285714284 0.575 0.15714285714285714 0.053125
1 0.2357142857142857 0.440625 0.13428571428571429 0.0375
1 0.041428571428571426 0.4359375 0.08285714285714285 0.034375
1 0.06714285714285714 0.3625 0.07142857142857142 0.034375
1 0.1457142857142857 0.3796875 0.08 0.040625
1 0.36 0.35546875 0.07714285714285714 0.0359375
1 0.5128571428571429 0.3796875 0.06857142857142857 0.0359375
1 0.94 0.4921875 0.12 0.0359375
1 0.7857142857142857 0.2953125 0.05142857142857143 0.021875
1 0.83 0.2953125 0.06571428571428571 0.01875
1 0.5157142857142857 0.27265625 0.045714285714285714 0.025
1 0.19142857142857142 0.2734375 0.07428571428571429 0.0203125
1 0.32 0.33671875 0.06 0.021875
1 0.9771428571428571 0.278125 0.045714285714285714 0.01875
1 0.49 0.253125 0.06285714285714286 0.0171875
1 0.6814285714285714 0.24296875 0.037142857142857144 0.021875
1 0.6085714285714285 0.2109375 0.05142857142857143 0.01875
1 0.6885714285714286 0.215625 0.04 0.0140625
0 0.7057142857142857 0.33671875 0.11714285714285715 0.0484375
