1 0.21944444444444444 0.74765625 0.3972222222222222 0.1234375
1 0.7805555555555556 0.664453125 0.2791666666666667 0.11328125
1 0.5270833333333333 0.584765625 0.26805555555555555 0.07890625
1 0.49444444444444446 0.534765625 0.31527777777777777 0.0734375
1 0.3993055555555556 0.5109375 0.30416666666666664 0.06640625
1 0.24305555555555555 0.48046875 0.25555555555555554 0.06484375
1 0.14652777777777778 0.464453125 0.25555555555555554 0.06015625
1 0.22361111111111112 0.396484375 0.16527777777777777 0.04921875
2 0.5895833333333333 0.484375 0.04861111111111111 0.0546875
2 0.2972222222222222 0.427734375 0.04027777777777778 0.0484375
