2 0.21637596899224806 0.5923474511193809 0.1311046511627907 0.09430562939334858
2 0.2955103359173127 0.5120119321873707 0.1304586563307494 0.08633114773465658
2 0.35558785529715764 0.5234774647055348 0.15083979328165364 0.06896449878906004
2 0.3877906976744186 0.610080335518932 0.1436369509043927 0.14142595546104314
2 0.5565406976744186 0.8131194990844113 0.16818475452196383 0.12170240415854444
2 0.7361595607235142 0.8371610845295056 0.1817506459948321 0.1457203615098354
2 0.8537306201550388 0.6050977612381122 0.13708010335917314 0.11427727568078455
2 0.588452842377261 0.5088339535707956 0.1381136950904393 0.12703644633469188
2 0.7166989664082688 0.42291925098942645 0.11440568475452197 0.12126528442317912
2 0.6444282945736434 0.37369897808494296 0.11996124031007747 0.11812274794730934
2 0.5423934108527131 0.07329139346683207 0.1273901808785529 0.10224466891133557
2 0.7156653746770025 0.11292456731053223 0.12354651162790697 0.10858881209758404
2 0.7818636950904393 0.1653818890660996 0.07735788113695083 0.11219800342607358
2 0.8406653746770025 0.09397778959182468 0.09499354005167934 0.11473211648650246
2 0.9313791989664083 0.09483430799220273 0.10054909560723502 0.11158958001063264
2 0.6793927648578811 0.04303118908382066 0.08288113695090442 0.08606237816764133
