8 0.2770101707925542 0.37148717948717946 0.06054500095950871 0.07148717948717945
8 0.26375295848525554 0.492051282051282 0.0542442269557986 0.06461538461538462
8 0.42898036205462803 0.8177948717948716 0.04954263417130435 0.22020512820512803
8 0.47252606665387326 0.8662564102564102 0.036173479178660546 0.18799999999999972
8 0.47548455190942235 0.13764102564102565 0.03499008507644082 0.0562051282051282
8 0.4335860039659694 0.4774358974358975 0.02379581654193042 0.034974358974359
8 0.4276050662061025 0.5586666666666666 0.032687264120770165 0.04215384615384612
8 0.4224237190558434 0.5997948717948718 0.032687264120770165 0.04215384615384612
8 0.40678372673191326 0.6628717948717949 0.042442269557986315 0.04943589743589742
8 0.5579863110087635 0.25102564102564107 0.043849549030896225 0.08328205128205127
8 0.5528369474828888 0.29138461538461535 0.02405168553700495 0.04112820512820515
8 0.5647668393782384 0.17143589743589743 0.02894518006780525 0.05548717948717948
8 0.5704279408942622 0.11876923076923078 0.022228618947099203 0.05928205128205128
6 0.4708629181858888 0.17574358974358975 0.025363014136762035 0.05199999999999998
6 0.4621313887289707 0.23964102564102563 0.023443996673703164 0.04717948717948712
6 0.4596046824026098 0.2795384615384615 0.023635898420009013 0.05179487179487174
6 0.45573466385210776 0.31 0.025299046887993355 0.05046153846153848
6 0.4472270197658799 0.3685128205128205 0.024435489029616845 0.050358974358974386
6 0.40892662956566234 0.9244102564102564 0.021716880956950044 0.04697435897435893
6 0.4066877758587603 0.7277948717948718 0.026962195355977697 0.049128205128205045
6 0.5642071259515128 0.40405128205128205 0.01861446939167155 0.07569230769230777
0 0.515624000511738 0.5706666666666667 0.023092176805475713 0.05938461538461542
8 0.5352779376958997 0.7971794871794872 0.028337491204503264 0.14420512820512824
8 0.5499104458517239 0.6017948717948718 0.02827352395573478 0.1426666666666667
1 0.2582357832789612 0.42646153846153856 0.03965969423655084 0.04451282051282061
6 0.21205142966801 0.598 0.050406192029680816 0.13764102564102568
8 0.3431842896437024 0.7001538461538462 0.09134523124160435 0.08892307692307685
8 0.4960180387641528 0.9982564102564103 0.031279984647860255 0.003487179487179464
8 0.5009435169193374 0.9446153846153846 0.020277617859655893 0.033025641025641074
8 0.5211891511546088 0.7707692307692308 0.023923751039467787 0.038051282051282075
8 0.5119139000831574 0.8477435897435897 0.02046951960596174 0.037641025641025685
8 0.513289195931683 0.8146666666666667 0.02737798247297383 0.038461538461538464
8 0.525682850380605 0.6940000000000001 0.031216017399091765 0.04810256410256408
8 0.5298886969871426 0.6032820512820513 0.028017654960660054 0.05384615384615385
2 0.512777457941534 0.47215384615384615 0.018774387513593158 0.01753846153846168
2 0.5402194076632765 0.5009230769230769 0.011865924646581066 0.016717948717948555
2 0.5410669737094608 0.5327179487179486 0.010810465041898512 0.01199999999999993
2 0.5337587155376448 0.5519487179487179 0.011674022900275022 0.012102564102564115
2 0.5325113541866564 0.561076923076923 0.01327320411949088 0.009230769230769232
2 0.5481673383227788 0.44543589743589745 0.011737990149043705 0.013641025641025652
2 0.5453207957525747 0.49302564102564106 0.01074649779312983 0.010461538461538392
1 0.5882907951129022 0.8892820512820513 0.014168745602251632 0.03076923076923077
