3 0.3893853427895981 0.6102709514807814 0.5197044917257684 0.53062381852552
3 0.8119976359338062 0.1350346565847511 0.2667612293144207 0.22318840579710145
3 0.7165011820330969 0.03930371770636421 0.15495271867612295 0.07860743541272842
3 0.6830260047281325 0.009310018903591684 0.10296690307328593 0.018620037807183368
3 0.665904255319149 0.0015595463137996206 0.09382978723404235 0.003119092627599241
3 0.5468853427895981 0.009262759924385631 0.052163120567375855 0.018525519848771262
2 0.671241134751773 0.4117202268431002 0.010531914893617118 0.03522369250157528
2 0.6721453900709219 0.3818840579710145 0.010969267139479927 0.027725267800882095
2 0.6731323877068559 0.17555135475740388 0.006607565011820449 0.018714555765595473
3 0.9329964539007092 0.673755513547574 0.11762411347517725 0.2744171392564589
