2 0.16875 0.7423611111111111 0.13203125 0.4847222222222222
2 0.159765625 0.30277777777777776 0.08046875 0.4513888888888889
2 0.226953125 0.21041666666666667 0.11953125 0.42083333333333334
2 0.34375 0.18888888888888888 0.10625 0.37777777777777777
2 0.302734375 0.3784722222222222 0.0859375 0.4888888888888889
2 0.39375 0.6222222222222222 0.08359375 0.24722222222222223
2 0.412109375 0.8354166666666667 0.146875 0.32916666666666666
2 0.5296875 0.8694444444444445 0.10625 0.2611111111111111
2 0.67578125 0.5951388888888889 0.24296875 0.3541666666666667
2 0.833984375 0.5444444444444444 0.12109375 0.525
