5 0.44088541666666664 0.5888888888888889 0.5078125 0.26296296296296295
2 0.5393229166666667 0.5615740740740741 0.034895833333333334 0.14074074074074075
2 0.5901041666666667 0.21805555555555556 0.014583333333333334 0.07685185185185185
2 0.6763020833333333 0.2263888888888889 0.017708333333333333 0.0824074074074074
2 0.6552083333333333 0.15324074074074073 0.010416666666666666 0.05277777777777778
2 0.7427083333333333 0.36018518518518516 0.028125 0.07407407407407407
2 0.6901041666666666 0.2523148148148148 0.017708333333333333 0.08703703703703704
2 0.7169270833333333 0.2537037037037037 0.019270833333333334 0.09074074074074075
2 0.6994791666666667 0.20787037037037037 0.0125 0.06111111111111111
2 0.7130208333333333 0.1884259259259259 0.0171875 0.06574074074074074
2 0.7552083333333334 0.19814814814814816 0.015104166666666667 0.0712962962962963
2 0.9401041666666666 0.36342592592592593 0.03125 0.08055555555555556
2 0.9466145833333334 0.2324074074074074 0.03333333333333333 0.08148148148148149
2 0.8375 0.2050925925925926 0.021875 0.06944444444444445
2 0.87421875 0.1527777777777778 0.009895833333333333 0.044444444444444446
2 0.7864583333333334 0.1814814814814815 0.016666666666666666 0.030555555555555555
2 0.8046875 0.14675925925925926 0.0140625 0.05555555555555555
2 0.79453125 0.14166666666666666 0.0125 0.05740740740740741
2 0.7846354166666667 0.14583333333333334 0.0140625 0.05648148148148148
2 0.7669270833333334 0.14166666666666666 0.016666666666666666 0.05462962962962963
1 0.5135416666666667 0.16805555555555557 0.09166666666666666 0.06851851851851852
