0 0.7595774188285201 0.575863453815261 0.27216511665850873 0.09489513609995542
0 0.2758769782998858 0.44977688531905397 0.19479523576439878 0.07139669790272211
0 0.1548621308533203 0.3682998661311914 0.19841736009136884 0.06420348058902275
2 0.4123755914504813 0.4492726461401161 0.053809756893457336 0.04979027219991079
2 0.3757709251101322 0.4519767960731816 0.040332843857072975 0.04727353859883976
2 0.47290748898678414 0.33743418116912094 0.03617229564366127 0.029183400267737556
2 0.5636074400391581 0.3330879071842927 0.050171316691140465 0.036519410977242324
2 0.5824033284385707 0.565863453815261 0.06586718877467784 0.05951807228915674
2 0.6271740903899494 0.5588799643016511 0.0761135584924131 0.07284248103525215
2 0.33119595366291404 0.3758991521642124 0.0479686735193343 0.03650156180276663
2 0.30159079784630444 0.3749352967425256 0.04434654919236415 0.04369477911646585
2 0.6725322238538097 0.5464747880410531 0.03604176864088747 0.027978580990629123
