6 0.1203125 0.6458333333333334 0.1796875 0.36944444444444446
6 0.4578125 0.6777777777777778 0.1140625 0.34444444444444444
6 0.803125 0.6777777777777778 0.1671875 0.35833333333333334
2 0.346875 0.5208333333333334 0.015625 0.06666666666666667
2 0.28984375 0.3236111111111111 0.0171875 0.06666666666666667
2 0.31328125 0.32222222222222224 0.0125 0.058333333333333334
2 0.32109375 0.33055555555555555 0.0078125 0.05277777777777778
2 0.43359375 0.3277777777777778 0.0109375 0.06111111111111111
2 0.446875 0.32222222222222224 0.0109375 0.06111111111111111
2 0.41875 0.3277777777777778 0.0125 0.06111111111111111
2 0.40859375 0.32083333333333336 0.0109375 0.05555555555555555
2 0.4015625 0.32222222222222224 0.0109375 0.058333333333333334
2 0.46015625 0.31666666666666665 0.0140625 0.06111111111111111
2 0.47421875 0.31527777777777777 0.0125 0.06666666666666667
2 0.496875 0.35138888888888886 0.0140625 0.06388888888888888
2 0.278125 0.4888888888888889 0.0125 0.06388888888888888
2 0.159375 0.3055555555555556 0.0171875 0.058333333333333334
2 0.634375 0.45 0.0140625 0.06111111111111111
2 0.86796875 0.3375 0.0171875 0.05555555555555555
2 0.7828125 0.3333333333333333 0.0140625 0.058333333333333334
2 0.76171875 0.3486111111111111 0.0171875 0.058333333333333334
2 0.7375 0.3416666666666667 0.0125 0.05277777777777778
2 0.7484375 0.3388888888888889 0.0140625 0.05277777777777778
2 0.71484375 0.34305555555555556 0.0140625 0.06388888888888888
2 0.67421875 0.3458333333333333 0.0140625 0.05277777777777778
2 0.66796875 0.30694444444444446 0.015625 0.06388888888888888
2 0.65078125 0.33611111111111114 0.0125 0.05277777777777778
2 0.63828125 0.35 0.0125 0.04722222222222222
2 0.6453125 0.275 0.01875 0.05555555555555555
2 0.7421875 0.19027777777777777 0.0109375 0.044444444444444446
2 0.61484375 0.31527777777777777 0.0125 0.05277777777777778
2 0.14609375 0.29583333333333334 0.0125 0.06111111111111111
2 0.38828125 0.31805555555555554 0.0140625 0.06111111111111111
