2 0.07252358490566038 0.38958333333333334 0.020047169811320754 0.07916666666666666
8 0.28891509433962265 0.27708333333333335 0.13797169811320756 0.10208333333333333
8 0.43514150943396224 0.24791666666666667 0.10849056603773585 0.08125
8 0.504127358490566 0.325 0.1580188679245283 0.14375
8 0.5554245283018868 0.22916666666666666 0.08844339622641509 0.075
8 0.652122641509434 0.28854166666666664 0.12382075471698113 0.12291666666666666
8 0.785377358490566 0.24583333333333332 0.09198113207547169 0.1125
8 0.9575471698113207 0.35104166666666664 0.08490566037735849 0.28125
8 0.7034198113207547 0.21875 0.07783018867924528 0.07083333333333333
8 0.7830188679245284 0.18229166666666666 0.04481132075471698 0.041666666666666664
8 0.6709905660377359 0.203125 0.06132075471698113 0.0625
8 0.9876179245283019 0.20729166666666668 0.024764150943396228 0.06875
