1 0.07042366107114309 0.12693844924060751 0.10279776179056753 0.18113509192645882
1 0.03441247002398082 0.28149480415667466 0.06882494004796164 0.18169464428457238
1 0.048161470823341324 0.5241007194244605 0.08840927258193446 0.1443645083932855
1 0.07378097521982414 0.4559552358113509 0.09424460431654676 0.16027178257394095
1 0.04426458832933654 0.6884092725819344 0.08852917665867308 0.1607513988808952
1 0.13884892086330936 0.6090327737809752 0.07625899280575539 0.08745003996802565
1 0.42102318145483614 0.06179056754596323 0.06522781774580333 0.06522781774580337
1 0.41982414068745005 0.15203836930455636 0.048121502797761784 0.05931254996003198
1 0.38792965627498 0.25107913669064746 0.062589928057554 0.07937649880095922
1 0.35923261390887296 0.302158273381295 0.054276578737010375 0.08001598721023183
1 0.3813349320543565 0.35903277378097515 0.06171063149480419 0.10199840127897675
1 0.39244604316546766 0.41818545163868903 0.059552358113509146 0.06962430055955228
1 0.14516386890487612 0.33365307753796963 0.0915267785771383 0.1553157474020783
1 0.25923261390887287 0.7091926458832934 0.06794564348521179 0.12390087929656293
6 0.37006394884092725 0.5732613908872902 0.11318944844124698 0.15795363709032775
6 0.5606314948041566 0.36135091926458834 0.06794564348521179 0.08808952837729819
2 0.12246203037569943 0.19544364508393286 0.046602717825739416 0.018625099920063913
2 0.05503597122302158 0.06870503597122302 0.06139088729016787 0.025579536370903287
2 0.05287769784172661 0.037849720223820944 0.06642685851318945 0.029496402877697843
2 0.10279776179056754 0.21942446043165467 0.06786570743405275 0.03317346123101521
2 0.11406874500399679 0.24004796163069542 0.05899280575539567 0.025419664268585187
2 0.11778577138289369 0.2655875299760192 0.06402877697841727 0.029336530775379663
2 0.12046362909672262 0.2886490807354117 0.0763389288569145 0.03493205435651478
2 0.15279776179056756 0.42689848121502794 0.06770583533173458 0.030775379696243096
2 0.15587529976019185 0.4620303756994405 0.0650679456434852 0.02701838529176655
2 0.18057553956834535 0.5160671462829736 0.06282973621103115 0.029256594724220732
2 0.1804556354916067 0.5630295763389289 0.05691446842525983 0.03005595523581128
2 0.2111111111111111 0.5909672262190248 0.06019184652278176 0.025499600319744187
2 0.2132693844924061 0.6218225419664268 0.05523581135091926 0.022781774580335732
2 0.22390087929656277 0.6430055955235812 0.0539568345323741 0.02150279776179064
2 0.2311350919264588 0.6699840127897682 0.056674660271782556 0.026458832933653004
2 0.22841726618705036 0.7107513988808952 0.06882494004796161 0.029656274980016006
2 0.23960831334932053 0.7777378097521984 0.05355715427657869 0.03341326938449255
2 0.23505195843325338 0.7376898481215028 0.06147082334132692 0.026778577138289277
2 0.3145083932853717 0.810431654676259 0.051878497202238194 0.026139088729016734
2 0.3114708233413269 0.9101918465227818 0.05131894484412464 0.017745803357314092
2 0.29808153477218224 0.9904876099120703 0.05659472422062349 0.019024780175859457
0 0.40515587529976016 0.859832134292566 0.1000000000000001 0.10335731414868111
0 0.554396482813749 0.5090727418065547 0.06450839328537165 0.07234212629896088
0 0.5677857713828937 0.4617905675459632 0.0572342126298961 0.07066346922462037
0 0.6248601119104716 0.3192645883293365 0.04668265387689855 0.055635491606714736
0 0.6389288569144684 0.27985611510791364 0.043884892086330826 0.049480415667466006
0 0.5885691446842526 0.4119904076738609 0.05291766586730601 0.05963229416466828
0 0.6084732214228616 0.3663469224620303 0.04428457234212624 0.055475619504396466
4 0.5368904876099121 0.7626298960831335 0.08904876099120701 0.11814548361310948
4 0.5689048760991208 0.6708233413269384 0.07753796962430065 0.10663469224620312
4 0.5984012789768185 0.5806554756195044 0.06946442845723415 0.09296562749800157
4 0.6251398880895284 0.4957234212629896 0.06338928856914455 0.07346123101518783
4 0.6535971223021582 0.41211031175059953 0.05347721822541956 0.06802557953637092
0 0.43880895283772986 0.7886091127098321 0.08776978417266193 0.08105515587529966
0 0.4609912070343725 0.7087929656274982 0.0936051159072741 0.09696243005595538
0 0.4892086330935252 0.619744204636291 0.07633892885691443 0.08864908073541174
0 0.529056754596323 0.5639888089528378 0.06290967226219028 0.08417266187050365
0 0.6642685851318945 0.21590727418065547 0.06642685851318955 0.0832134292565947
6 0.22733812949640292 0.10367705835331735 0.17553956834532372 0.1800159872102318
4 0.6711031175059953 0.35727418065547567 0.062430055955235736 0.07697841726618711
4 0.6865707434052757 0.31494804156674655 0.06674660271782555 0.07010391686650683
4 0.6935251798561151 0.3009592326139089 0.056994404476418827 0.08497202238209434
6 0.6290967226219024 0.20151878497202239 0.06083133493205437 0.08880895283772981
6 0.674740207833733 0.11302957633892885 0.0506794564348521 0.061870503597122296
