8 0.40078125 0.8819444444444444 0.0296875 0.09027777777777778
8 0.462890625 0.8875 0.0265625 0.08055555555555556
8 0.60625 0.5826388888888889 0.1078125 0.05138888888888889
8 0.625 0.5069444444444444 0.09296875 0.034722222222222224
8 0.259375 0.5965277777777778 0.025 0.05
8 0.434765625 0.6194444444444445 0.01484375 0.034722222222222224
8 0.476171875 0.6180555555555556 0.01796875 0.04722222222222222
8 0.49765625 0.6208333333333333 0.01796875 0.04722222222222222
8 0.53125 0.6375 0.0203125 0.0625
8 0.85 0.4951388888888889 0.04609375 0.0375
0 0.900390625 0.4875 0.03984375 0.03333333333333333
8 0.305859375 0.45069444444444445 0.0375 0.06111111111111111
8 0.326953125 0.4534722222222222 0.01796875 0.03333333333333333
8 0.265234375 0.45 0.025 0.04027777777777778
8 0.23828125 0.4479166666666667 0.028125 0.029166666666666667
6 0.27890625 0.5986111111111111 0.0234375 0.034722222222222224
6 0.312109375 0.6041666666666666 0.02109375 0.03194444444444444
6 0.332421875 0.6034722222222222 0.0234375 0.03194444444444444
6 0.348046875 0.6055555555555555 0.02265625 0.034722222222222224
6 0.378515625 0.6118055555555556 0.02265625 0.03333333333333333
6 0.662109375 0.6006944444444444 0.021875 0.029166666666666667
6 0.563671875 0.6298611111111111 0.021875 0.0375
6 0.38203125 0.42083333333333334 0.03671875 0.020833333333333332
0 0.471484375 0.47708333333333336 0.028125 0.030555555555555555
8 0.5828125 0.41597222222222224 0.07109375 0.027777777777777776
8 0.4828125 0.41805555555555557 0.0703125 0.027777777777777776
1 0.430859375 0.9041666666666667 0.01796875 0.058333333333333334
6 0.52265625 0.9618055555555556 0.06484375 0.0763888888888889
8 0.557421875 0.7340277777777777 0.034375 0.1375
8 0.7390625 0.46041666666666664 0.01875 0.034722222222222224
8 0.758984375 0.4576388888888889 0.0171875 0.034722222222222224
8 0.89609375 0.4125 0.0828125 0.03194444444444444
6 0.884765625 0.4027777777777778 0.03359375 0.029166666666666667
8 0.7 0.45 0.021875 0.044444444444444446
8 0.6609375 0.45208333333333334 0.01484375 0.029166666666666667
8 0.57109375 0.4423611111111111 0.01640625 0.034722222222222224
8 0.6109375 0.44722222222222224 0.0171875 0.029166666666666667
8 0.594140625 0.44930555555555557 0.01640625 0.04027777777777778
8 0.53203125 0.44513888888888886 0.02109375 0.044444444444444446
8 0.4859375 0.45 0.02421875 0.03888888888888889
8 0.1171875 0.5368055555555555 0.0453125 0.034722222222222224
6 0.1015625 0.5604166666666667 0.05078125 0.03333333333333333
2 0.97890625 0.5958333333333333 0.0109375 0.029166666666666667
2 0.422265625 0.49375 0.00703125 0.027777777777777776
2 0.43359375 0.4465277777777778 0.00703125 0.016666666666666666
2 0.44921875 0.4409722222222222 0.0046875 0.016666666666666666
2 0.459765625 0.45069444444444445 0.0046875 0.018055555555555554
2 0.464453125 0.4513888888888889 0.003125 0.020833333333333332
2 0.4046875 0.4409722222222222 0.00546875 0.018055555555555554
2 0.42890625 0.4395833333333333 0.00390625 0.016666666666666666
2 0.72578125 0.45 0.00390625 0.016666666666666666
1 0.622265625 0.32013888888888886 0.0140625 0.019444444444444445
