8 0.25 0.5552083333333333 0.125 0.14166666666666666
8 0.08018867924528301 0.47708333333333336 0.10613207547169812 0.11666666666666667
8 0.07429245283018868 0.36875 0.08254716981132075 0.09375
8 0.17099056603773585 0.415625 0.09551886792452831 0.10208333333333333
8 0.30483490566037735 0.46770833333333334 0.12853773584905662 0.13125
8 0.5719339622641509 0.590625 0.18160377358490565 0.17083333333333334
8 0.5377358490566038 0.44583333333333336 0.13089622641509435 0.125
8 0.7022405660377359 0.4197916666666667 0.12853773584905662 0.10416666666666667
8 0.47877358490566035 0.3489583333333333 0.10023584905660378 0.08333333333333333
8 0.3891509433962264 0.4 0.12853773584905662 0.11041666666666666
8 0.2535377358490566 0.2833333333333333 0.07075471698113207 0.06875
2 0.013561320754716982 0.290625 0.008254716981132075 0.029166666666666667
2 0.18514150943396226 0.30104166666666665 0.01061320754716981 0.0375
