6 0.5276696404433631 0.8618799603174603 0.11595025682616926 0.22253637566137563
6 0.4480264936469316 0.15088458994708995 0.1063801027304677 0.3017691798941799
2 0.7367937280346039 0.37903439153439156 0.0602865639361991 0.08129960317460316
2 0.7599756690997568 0.14928075396825397 0.036469316031359666 0.05102513227513228
2 0.35183833468505 0.4969328703703703 0.037145174371451706 0.028769841269841327
1 0.39795890781292237 0.6995122354497355 0.04849959448499595 0.09626322751322748
1 0.3504325493376588 0.7555968915343916 0.06090835360908346 0.15712632275132268
1 0.31255744795890783 0.7643435846560847 0.04820221681535555 0.13414351851851844
1 0.6568126520681264 0.5461144179894181 0.07650716409840501 0.24937169312169313
1 0.7295485266288185 0.5276703042328043 0.06885644768856436 0.2846230158730159
1 0.7064341713976751 0.2781415343915344 0.08756420654230858 0.2544312169312169
1 0.6733846985671803 0.1629050925925926 0.10170316301703151 0.28640873015873014
1 0.4075696134090295 0.9297123015873016 0.05685320356853205 0.09002976190476199
