2 0.018278301886792452 0.8604166666666667 0.009433962264150943 0.035416666666666666
2 0.07900943396226415 0.8322916666666667 0.008254716981132075 0.03333333333333333
2 0.06721698113207547 0.83125 0.007075471698113208 0.03125
2 0.061910377358490566 0.8135416666666667 0.007075471698113208 0.029166666666666667
2 0.2841981132075472 0.7260416666666667 0.00589622641509434 0.03333333333333333
2 0.10966981132075472 0.4708333333333333 0.00589622641509434 0.025
2 0.10318396226415094 0.46979166666666666 0.00589622641509434 0.025
2 0.01650943396226415 0.4427083333333333 0.00589622641509434 0.022916666666666665
2 0.6025943396226415 0.771875 0.008254716981132075 0.029166666666666667
2 0.6674528301886793 0.765625 0.007075471698113208 0.03125
2 0.43985849056603776 0.6135416666666667 0.00589622641509434 0.025
1 0.01474056603773585 0.7739583333333333 0.0294811320754717 0.03125
1 0.09080188679245282 0.76875 0.04245283018867924 0.03125
1 0.09610849056603774 0.7427083333333333 0.041273584905660375 0.03125
1 0.2116745283018868 0.71875 0.0330188679245283 0.035416666666666666
1 0.597877358490566 0.6770833333333334 0.03773584905660377 0.029166666666666667
1 0.625 0.6666666666666666 0.0330188679245283 0.029166666666666667
1 0.7682783018867925 0.653125 0.03891509433962264 0.027083333333333334
1 0.7464622641509434 0.6479166666666667 0.036556603773584904 0.03333333333333333
1 0.8237028301886793 0.659375 0.03773584905660377 0.027083333333333334
1 0.8555424528301887 0.646875 0.03419811320754717 0.027083333333333334
1 0.8897405660377359 0.6489583333333333 0.04009433962264151 0.0375
1 0.8879716981132075 0.5916666666666667 0.024764150943396228 0.03125
1 0.9428066037735849 0.6385416666666667 0.041273584905660375 0.027083333333333334
1 0.9091981132075472 0.7125 0.0330188679245283 0.03333333333333333
1 0.8856132075471698 0.796875 0.05070754716981132 0.035416666666666666
1 0.9015330188679245 0.9739583333333334 0.041273584905660375 0.04583333333333333
1 0.9870283018867925 0.8270833333333333 0.025943396226415096 0.03125
2 0.9433962264150944 0.7895833333333333 0.01179245283018868 0.03333333333333333
2 0.9027122641509434 0.7375 0.007075471698113208 0.025
0 0.7435141509433962 0.6916666666666667 0.06132075471698113 0.04583333333333333
0 0.5347877358490566 0.6875 0.06367924528301887 0.058333333333333334
0 0.3425707547169811 0.6208333333333333 0.031839622641509434 0.06458333333333334
0 0.3107311320754717 0.5229166666666667 0.024764150943396228 0.05625
0 0.28773584905660377 0.45729166666666665 0.02122641509433962 0.052083333333333336
0 0.2653301886792453 0.4010416666666667 0.02122641509433962 0.04791666666666667
1 0.3278301886792453 0.7020833333333333 0.024764150943396228 0.041666666666666664
