1 0.45823917137476455 0.105824102047667 0.3469868173258003 0.211648204095334
1 0.11803515379786568 0.21729886986684568 0.23468926553672317 0.32975271343851403
2 0.5342435655994978 0.0910400581850733 0.06191462649089772 0.1820801163701466
2 0.5613433772755806 0.2714277721830592 0.07648462021343375 0.2394539554660401
2 0.5285436283741368 0.408078773637686 0.08780288763339614 0.27716235873335576
2 0.5305681104833647 0.29439409197717353 0.056177024482109136 0.138693073738391
2 0.48309792843691146 0.29914960277498037 0.0883866917765223 0.24555219872440415
2 0.5075517890772128 0.5363656708067585 0.09374764595103581 0.2794561933534743
2 0.423556183301946 0.5867740852635113 0.09613935969868165 0.2616649882510909
2 0.47190521029504073 0.17738055275819625 0.060364092906465654 0.13321024952444888
2 0.36162586315128686 0.22974711871992842 0.10625863151286877 0.2569654246391406
2 0.3405178907721281 0.49717466711424413 0.13308851224105464 0.22580284211704157
2 0.2656497175141243 0.5229383462011862 0.0876145637162587 0.25450374846145246
