2 0.10377358490566038 0.9230769230769231 0.0660377358490566 0.07932692307692307
2 0.12382075471698113 0.8100961538461539 0.06839622641509434 0.07211538461538461
2 0.1403301886792453 0.71875 0.05306603773584906 0.0889423076923077
2 0.07724056603773585 0.6225961538461539 0.0660377358490566 0.10096153846153846
2 0.1479952830188679 0.6322115384615384 0.036556603773584904 0.07692307692307693
2 0.1804245283018868 0.5649038461538461 0.055424528301886794 0.0985576923076923
2 0.20695754716981132 0.5036057692307693 0.05306603773584906 0.0889423076923077
2 0.19693396226415094 0.38822115384615385 0.04834905660377359 0.10096153846153846
2 0.263561320754717 0.40384615384615385 0.04481132075471698 0.11298076923076923
2 0.294811320754717 0.35336538461538464 0.03419811320754717 0.10576923076923077
2 0.30778301886792453 0.28725961538461536 0.04363207547169811 0.10817307692307693
2 0.3284198113207547 0.23076923076923078 0.03773584905660377 0.0985576923076923
2 0.35672169811320753 0.19230769230769232 0.04245283018867924 0.12259615384615384
2 0.40035377358490565 0.15504807692307693 0.036556603773584904 0.11057692307692307
2 0.4404481132075472 0.11057692307692307 0.03773584905660377 0.11538461538461539
2 0.4540094339622642 0.06370192307692307 0.025943396226415096 0.09134615384615384
2 0.4834905660377358 0.046875 0.0294811320754717 0.09375
2 0.6114386792452831 0.25600961538461536 0.02830188679245283 0.10817307692307693
