2 0.23295454545454544 0.14375 0.08238636363636363 0.1015625
2 0.3224431818181818 0.24609375 0.09375 0.0921875
2 0.7471590909090909 0.31875 0.11931818181818182 0.103125
2 0.96875 0.13671875 0.0625 0.1171875
2 0.9360795454545454 0.38125 0.08806818181818182 0.096875
2 0.3224431818181818 0.40703125 0.125 0.1125
2 0.5752840909090909 0.4921875 0.08522727272727272 0.0796875
2 0.5965909090909091 0.42734375 0.11079545454545454 0.0484375
2 0.7159090909090909 0.66171875 0.07386363636363637 0.096875
2 0.7769886363636364 0.62578125 0.08238636363636363 0.1015625
2 0.75 0.55 0.07386363636363637 0.06875
2 0.17897727272727273 0.70703125 0.08238636363636363 0.0859375
2 0.5028409090909091 0.5671875 0.1534090909090909 0.0828125
2 0.6590909090909091 0.56640625 0.08806818181818182 0.0921875
2 0.6292613636363636 0.7140625 0 0.0015625
