6 0.3861301369863014 0.47523584905660377 0.7722602739726028 0.23702830188679244
1 0.1618150684931507 0.24587264150943397 0.3236301369863014 0.17570754716981132
1 0.4409246575342466 0.31662735849056606 0.4520547945205479 0.13561320754716982
2 0.3176369863013699 0.5695754716981132 0.06335616438356165 0.12264150943396226
2 0.4434931506849315 0.5748820754716981 0.04452054794520548 0.10966981132075472
2 0.5607876712328768 0.5695754716981132 0.0821917808219178 0.10377358490566038
2 0.5625 0.6704009433962265 0.09246575342465753 0.12853773584905662
2 0.4032534246575342 0.8472877358490566 0.11986301369863013 0.1474056603773585
2 0.740582191780822 0.9239386792452831 0.09931506849315068 0.14386792452830188
1 0.8792808219178082 0.6633254716981132 0.24143835616438356 0.16273584905660377
