6 0.36418692129629626 0.8085725308641976 0.1523553240740741 0.38285493827160494
6 0.4253761574074074 0.818557098765432 0.12115162037037024 0.3628858024691359
6 0.4139872685185185 0.5108024691358025 0.17465277777777785 0.5342901234567901
6 0.4673350694444444 0.5351697530864197 0.1395833333333334 0.4482407407407408
6 0.46581018518518513 0.20219135802469132 0.1496296296296297 0.3421604938271605
6 0.519916087962963 0.22939814814814813 0.13516782407407407 0.386820987654321
5 0.47443287037037035 0.8512037037037037 0.09546875000000003 0.2975925925925926
5 0.5112326388888888 0.8492592592592593 0.07005208333333321 0.2553703703703705
5 0.5346875000000001 0.8490277777777777 0.06123842592592581 0.2283024691358024
5 0.5634577546296297 0.8207253086419753 0.071875 0.19305555555555556
5 0.5402256944444443 0.46587962962962964 0.09695023148148145 0.29774691358024685
5 0.5697337962962964 0.4897530864197531 0.07637152777777771 0.26419753086419745
5 0.6075462962962963 0.5490277777777777 0.07135995370370374 0.22493827160493823
5 0.5943460648148149 0.16300925925925927 0.0906944444444445 0.20287037037037037
5 0.6132378472222222 0.1943827160493827 0.07140625000000007 0.23049382716049385
5 0.625011574074074 0.2356172839506173 0.06983217592592598 0.22898148148148148
5 0.6451070601851852 0.31016975308641975 0.06895833333333332 0.2178086419753087
6 0.5270138888888889 0.9973611111111111 0.04413194444444439 0.005277777777777715
6 0.5474537037037037 0.9829166666666668 0.04282407407407405 0.03416666666666654
2 0.5366290509259259 0.28770061728395063 0.04969328703703706 0.06083333333333335
2 0.6846383101851852 0.16319444444444445 0.026001157407407403 0.028425925925925927
6 0.25612557870370367 0.8325771604938271 0.15828703703703706 0.25679012345679014
6 0.3059780092592593 0.525895061728395 0.17999421296296295 0.5194444444444445
6 0.3640538194444444 0.17052469135802467 0.17345486111111114 0.29685185185185187
2 0.6772858796296296 0.3418981481481482 0.01816550925925924 0.025030864197530887
2 0.65453125 0.539537037037037 0.022106481481481487 0.029506172839506285
2 0.6144444444444445 0.753179012345679 0.01973958333333332 0.026543209876543176
2 0.5990769675925927 0.955570987654321 0.020486111111111073 0.022438271604938286
2 0.6335098379629629 0.8575308641975309 0.02135995370370374 0.033611111111111175
2 0.6145688657407408 0.9727777777777779 0.017384259259259238 0.024969135802468952
2 0.7269126157407408 0.43754629629629627 0.016579861111111073 0.022129629629629714
2 0.7257204861111111 0.39297839506172844 0.013454861111111072 0.021882716049382602
2 0.6985561342592592 0.4631018518518519 0.018188657407407403 0.027808641975308666
2 0.708119212962963 0.488179012345679 0.015017361111111072 0.02200617283950616
8 0.5799508101851852 0.9751543209876543 0.043755787037036954 0.04969135802469143
4 0.6074189814814815 0.8457407407407408 0.04732060185185176 0.15086419753086425
4 0.6353327546296296 0.6387808641975309 0.05436342592592602 0.15280864197530883
4 0.6693923611111111 0.4448148148148148 0.05362847222222218 0.1583024691358026
4 0.6497829861111111 0.7809876543209877 0.04010416666666679 0.12808641975308635
4 0.6708217592592594 0.6485339506172839 0.04556134259259252 0.1271296296296296
