8 0.4263224181360202 0.47241850145075953 0.14231738035264482 0.189742276839051
8 0.6183879093198993 0.35955794504181604 0.05163727959697733 0.0673152415087899
8 0.6612090680100756 0.36072708653353813 0.03904282115869018 0.052807646356033563
2 0.30919395465994964 0.09855777436422597 0.04785894206549118 0.04637310121181089
2 0.3406801007556675 0.18321385902031062 0.042821158690176324 0.03918757467144565
2 0.568639798488665 0.46169994879672305 0.02518891687657431 0.022102747909199562
2 0.628463476070529 0.15503498890595666 0.021410579345088162 0.024202082266598403
2 0.6007556675062973 0.1109062980030722 0.02392947103274559 0.02894691926949993
2 0.5327455919395466 0.09685099846390169 0.028967254408060455 0.020003413551800655
2 0.5850125944584383 0.07549069807134322 0.02518891687657431 0.022102747909199527
