6 0.5412519290123456 0.5495884773662552 0.025540123456790118 0.05226337448559672
6 0.5407889660493826 0.6003086419753086 0.029089506172839365 0.05576131687242797
6 0.564110725308642 0.6676954732510287 0.023591820987654444 0.07818930041152275
6 0.5213252314814815 0.6872427983539096 0.03815586419753103 0.07222222222222215
6 0.535108024691358 0.736574074074074 0.024479166666666705 0.04444444444444438
6 0.5180844907407408 0.7653292181069958 0.030150462962962976 0.06358024691358032
6 0.5039737654320988 0.91059670781893 0.04236111111111107 0.10195473251028797
2 0.46412037037037046 0.6319958847736625 0.09473379629629619 0.08508230452674914
2 0.4482349537037037 0.6716563786008231 0.0336033950617283 0.028600823045267443
2 0.454783950617284 0.7085905349794238 0.037114197530864125 0.030555555555555485
2 0.4490933641975308 0.6886831275720164 0.032619598765432106 0.023868312757201693
2 0.4492573302469136 0.8510288065843622 0.024131944444444404 0.030555555555555836
2 0.4466820987654321 0.8691872427983539 0.022318672839506074 0.027263374485596473
2 0.464988425925926 0.9436728395061729 0.028433641975308573 0.02952674897119323
2 0.4603202160493827 0.9646604938271603 0.028317901234567937 0.0248971193415636
2 0.4157793209876543 0.9994341563786008 0.021720679012345596 0.0011316872427983773
2 0.45868055555555565 0.9939814814814815 0.031905864197530796 0.012037037037036968
2 0.5064139660493827 0.9902006172839506 0.02129629629629627 0.019598765432098837
8 0.5684606481481481 0.5474279835390947 0.024903549382716033 0.061419753086419684
6 0.5680748456790123 0.6012345679012346 0.02388117283950623 0.05514403292181072
6 0.5577064043209876 0.7577160493827161 0.02299382716049377 0.08888888888888875
6 0.5286651234567901 0.8250514403292181 0.033101851851851744 0.07777777777777792
2 0.5037422839506173 0.99755658436214 0.02733410493827155 0.004886831275719931
2 0.4614101080246914 0.9891460905349795 0.03179012345679016 0.02170781893004106
2 0.4490547839506173 0.6525205761316873 0.038811728395061626 0.029218106995884868
