2 0.3831632157091475 0.09586056644880173 0.09877515310586174 0.16987522281639927
2 0.11464955769417712 0.7391958803723511 0.11523281811995725 0.30108932461873644
2 0.2392339846408088 0.9660130718954248 0.10261495090891422 0.06302238066943949
2 0.3471225818994848 0.872103386809269 0.1118110236220473 0.21818181818181795
2 0.3307669874599009 0.9258467023172905 0.09802663555944394 0.14046345811051686
2 0.4253669680178867 0.9030204000792237 0.08205502090016537 0.1829867300455536
2 0.4510984738018859 0.805000990295108 0.10477301448430056 0.199366211130917
2 0.5293379994167395 0.7583481877599524 0.08522406921357047 0.20441671618142213
2 0.6578205502090017 0.725648643295702 0.08259939729755997 0.2043771043771044
2 0.7380820452998932 0.6294810853634383 0.0817147856517935 0.16961774608833435
2 0.8155973558860697 0.5801643889879183 0.09427432682025871 0.1992077639136461
2 0.8193448041217071 0.44369182016240843 0.08253135024788572 0.20170330758566055
2 0.8871099445902595 0.4239453357100416 0.09273840769903773 0.24194890077243017
2 0.9466948575872459 0.3922856011091305 0.08094682609118316 0.19098831451772627
2 0.9096092155147274 0.19892057833234306 0.08646835812190146 0.20176272529213704
2 0.9654466802760766 0.12318280847692613 0.055380577427821584 0.21733016438898792
2 0.9397832215417516 0.050693206575559514 0.07904150870030115 0.10138641315111903
