2 0.4885920271416454 0.11402391975308641 0.07116200169635292 0.11786265432098768
2 0.5224342663273961 0.16506558641975308 0.06471586089906702 0.10927854938271604
2 0.5598529827537462 0.1800347222222222 0.06875883517104896 0.13057484567901234
2 0.5938789934973141 0.21414930555555556 0.06222787673169358 0.11417824074074072
2 0.6200593723494487 0.26686921296296295 0.07512015832626524 0.13134645061728398
2 0.6496748657054 0.35520833333333335 0.06731693525586661 0.11479552469135805
2 0.6825841108283858 0.43351658950617283 0.06991800961266606 0.12031249999999998
2 0.7084817642069551 0.4536072530864197 0.050466497031382625 0.08414351851851858
2 0.7192818772971445 0.514891975308642 0.04413344642352273 0.08597608024691361
2 0.648303647158609 0.8335358796296296 0.0633022335312412 0.09610339506172849
