6 0.36953125 0.9263888888888889 0.0640625 0.07777777777777778
6 0.126171875 0.5083333333333333 0.0234375 0.025
6 0.259375 0.5604166666666667 0.025 0.030555555555555555
6 0.28671875 0.5701388888888889 0.0234375 0.029166666666666667
6 0.3046875 0.5722222222222222 0.02421875 0.027777777777777776
6 0.319140625 0.575 0.025 0.030555555555555555
6 0.344140625 0.5847222222222223 0.02890625 0.029166666666666667
6 0.512890625 0.6222222222222222 0.028125 0.03611111111111111
6 0.61953125 0.6083333333333333 0.02890625 0.034722222222222224
1 0.305078125 0.85625 0.02421875 0.05416666666666667
8 0.284765625 0.83125 0.0453125 0.08611111111111111
8 0.337890625 0.8451388888888889 0.03828125 0.0763888888888889
8 0.473828125 0.7173611111111111 0.0703125 0.11944444444444445
8 0.476171875 0.6243055555555556 0.02890625 0.059722222222222225
8 0.4515625 0.6048611111111111 0.025 0.04583333333333333
8 0.432421875 0.6 0.025 0.044444444444444446
1 0.39296875 0.5965277777777778 0.01875 0.03194444444444444
8 0.24375 0.5576388888888889 0.02890625 0.044444444444444446
8 0.138671875 0.49236111111111114 0.03359375 0.030555555555555555
8 0.265625 0.41944444444444445 0.0203125 0.027777777777777776
8 0.28828125 0.425 0.02890625 0.034722222222222224
8 0.324609375 0.42916666666666664 0.04765625 0.05277777777777778
8 0.344140625 0.43194444444444446 0.01953125 0.030555555555555555
8 0.571875 0.58125 0.1125 0.043055555555555555
8 0.613671875 0.5090277777777777 0.090625 0.05
8 0.600390625 0.41805555555555557 0.071875 0.034722222222222224
8 0.579296875 0.44166666666666665 0.01328125 0.029166666666666667
8 0.75078125 0.47638888888888886 0.01328125 0.03611111111111111
8 0.769140625 0.475 0.01328125 0.034722222222222224
8 0.85859375 0.5215277777777778 0.05078125 0.034722222222222224
8 0.941796875 0.4361111111111111 0.08984375 0.041666666666666664
0 0.472265625 0.4666666666666667 0.025 0.027777777777777776
8 0.4984375 0.41180555555555554 0.07421875 0.029166666666666667
6 0.01796875 0.9722222222222222 0.0359375 0.05555555555555555
8 0.49375 0.44375 0.02734375 0.04027777777777778
6 0.409765625 0.4083333333333333 0.0265625 0.02638888888888889
8 0.710546875 0.46111111111111114 0.01640625 0.03611111111111111
8 0.670703125 0.46111111111111114 0.01796875 0.04027777777777778
2 0.42109375 0.48055555555555557 0.0046875 0.020833333333333332
2 0.371484375 0.33402777777777776 0.00234375 0.0125
2 0.43828125 0.4361111111111111 0.00390625 0.011111111111111112
2 0.442578125 0.4284722222222222 0.003125 0.013888888888888888
2 0.462890625 0.42916666666666664 0.0046875 0.013888888888888888
2 0.463671875 0.45069444444444445 0.00234375 0.013888888888888888
2 0.469140625 0.4423611111111111 0.0046875 0.019444444444444445
2 0.473828125 0.44305555555555554 0.0046875 0.019444444444444445
2 0.469921875 0.42569444444444443 0.00625 0.016666666666666666
2 0.47265625 0.3958333333333333 0.00625 0.011111111111111112
2 0.48203125 0.3993055555555556 0.003125 0.0125
2 0.723046875 0.4597222222222222 0.00625 0.016666666666666666
1 0.676171875 0.32430555555555557 0.0140625 0.018055555555555554
8 0.713671875 0.28680555555555554 0.0125 0.019444444444444445
0 0.922265625 0.5201388888888889 0.04921875 0.0375
8 0.889453125 0.49166666666666664 0.01953125 0.03611111111111111
6 0.93046875 0.42569444444444443 0.0390625 0.043055555555555555
