6 0.8915094339622641 0.42625698324022343 0.20754716981132076 0.4188702669149597
6 0.5573899371069182 0.3191289054417546 0.14150943396226415 0.3752327746741154
6 0.2138364779874214 0.24297537761224913 0.1949685534591195 0.40457272915373477
2 0.6556603773584906 0.5009000620732464 0.020440251572327043 0.07037037037037032
2 0.6973270440251572 0.7093006414235464 0.0220125786163522 0.0704117525346577
2 0.6737421383647799 0.7057314297537761 0.01729559748427673 0.061907717773639605
2 0.6666666666666666 0.6961411131802193 0.012578616352201259 0.05619697910200698
2 0.5542452830188679 0.6739602731222842 0.015723270440251572 0.06465963169873785
2 0.5408805031446541 0.6757086695634182 0.015723270440251572 0.06465963169873785
2 0.5691823899371069 0.6777570866956342 0.01729559748427673 0.06470101386302508
2 0.5786163522012578 0.6858886819780674 0.015723270440251572 0.059073039519966904
2 0.585691823899371 0.6870991102834678 0.015723270440251572 0.06186633560935238
2 0.5267295597484277 0.6788744051313883 0.018867924528301886 0.06474239602731231
2 0.5125786163522013 0.6778501965652804 0.01729559748427673 0.07028760604179603
2 0.49292452830188677 0.6364680322780881 0.018867924528301886 0.06753569211669778
2 0.7216981132075472 0.5480446927374302 0.01729559748427673 0.06749430995241056
2 0.8254716981132075 0.7576039726877715 0.0220125786163522 0.062031864266500966
2 0.3639937106918239 0.5071798055038278 0.018867924528301886 0.06474239602731231
2 0.12185534591194969 0.5680219325470722 0.0220125786163522 0.05923856817711565
2 0.20676100628930819 0.590926960480033 0.018867924528301886 0.061949099937926834
2 0.22877358490566038 0.5805710738671632 0.0220125786163522 0.062031864266501126
2 0.25235849056603776 0.5925201738050899 0.01729559748427673 0.056321125594868654
2 0.24135220125786164 0.5928098489551004 0.018867924528301886 0.05636250775915588
2 0.2751572327044025 0.5961100765570039 0.018867924528301886 0.06753569211669778
2 0.3160377358490566 0.6020173805090007 0.018867924528301886 0.05636250775915588
2 0.3191823899371069 0.6424374094765156 0.020440251572327043 0.067577074280985
2 0.3380503144654088 0.6168011587006 0.01729559748427673 0.056321125594868654
2 0.3522012578616352 0.6066521829091661 0.015723270440251572 0.05069315125181048
2 0.3388364779874214 0.6796296296296297 0.02358490566037736 0.059279950341402717
2 0.2358490566037736 0.7423960273122284 0.014150943396226415 0.04785847299813778
2 0.37264150943396224 0.646617008069522 0.01729559748427673 0.056321125594868654
2 0.8380503144654088 0.7698427477757086 0.01729559748427673 0.06470101386302476
2 0.5982704402515723 0.693751293192634 0.018867924528301886 0.06474239602731231
