2 0.894351851851852 0.2215136054421769 0.06564814814814839 0.09145880574452002
2 0.8727777777777778 0.31401171579743015 0.06546296296296304 0.08635676492819348
2 0.8538657407407407 0.39399092970521543 0.055925925925926094 0.09835600907029475
2 0.9103472222222223 0.5076530612244898 0.06791666666666686 0.11961451247165539
2 0.8351157407407408 0.4612622826908541 0.05861111111111114 0.10364701436130005
2 0.8113194444444446 0.5268801965230536 0.0578240740740739 0.11630763416477706
2 0.7844212962962962 0.5757275132275133 0.05754629629629619 0.10865457294028727
2 0.7934027777777777 0.6857993197278911 0.057361111111110856 0.10355253212396073
2 0.7297453703703703 0.6491874527588813 0.05541666666666657 0.11866969009826156
2 0.6990740740740741 0.6799414210128497 0.04513888888888886 0.11026077097505656
2 0.6825 0.7384731670445958 0.05013888888888886 0.11063869992441439
2 0.6611805555555555 0.7864701436130008 0.04388888888888886 0.11016628873771739
2 0.6345601851851852 0.8086262282690854 0.04791666666666657 0.11810279667422527
2 0.5861574074074074 0.8316798941798941 0.04925925925925924 0.12074829931972769
2 0.551875 0.8659769463340892 0.05069444444444443 0.12594482237339397
2 0.5330092592592592 0.9128873771730914 0.03870370370370381 0.10468631897203333
2 0.503912037037037 0.9183201058201059 0.039074074074074046 0.11489040060468611
2 0.475787037037037 0.9452947845804989 0.038009259259259236 0.10941043083900233
2 0.4372916666666667 0.9660336356764929 0.04152777777777771 0.06793272864701419
2 0.39094907407407403 0.6566515495086923 0.03898148148148153 0.11233938019652313
