8 0.5538229755178908 0.9452668680765357 0.04630257376020073 0.06676737160120853
8 0.48779661016949155 0.9388217522658611 0.041368487131198964 0.08469284994964744
8 0.3892969240426868 0.5584088620342397 0.12207784055241686 0.11205102383350105
8 0.38241054613935965 0.46958710976837864 0.10323289391085999 0.08714333669016446
8 0.7491745134965475 0.7321584424303457 0.03443816698053971 0.06629741524001347
8 0.5624199623352166 0.6753776435045318 0.021550533584431986 0.04464585431352818
8 0.5193816698053986 0.6551863041289023 0.02676082862523541 0.059953004363880465
8 0.49656308851224107 0.648539778449144 0.02676082862523541 0.059953004363880465
8 0.4584212178279975 0.6508056394763344 0.03198367859384801 0.07677072843235998
8 0.14955430006277462 0.35347432024169184 0.05475204017576901 0.06408190668009399
0 0.09813559322033898 0.32228935884525006 0.047062146892655365 0.05622692178583418
8 0.7247959824231011 0.5564451158106747 0.04984306340238541 0.08502853306478685
8 0.7024011299435028 0.5497818059751594 0.02409290646578792 0.04474655924806988
8 0.7674293785310734 0.5743873783148707 0.032655367231638394 0.05565626049009733
8 0.7957250470809792 0.5845921450151057 0.03427495291902063 0.046659953004363916
6 0.7284745762711864 0.7254279959718026 0.03006277463904576 0.04951325948304808
6 0.6929692404268676 0.7162638469284995 0.027482736974262494 0.04488083249412554
6 0.6718769617074701 0.7057737495803961 0.03003766478342741 0.046492111446794306
6 0.6549717514124294 0.7011581067472306 0.029215317011927117 0.04947969117153395
6 0.6219962335216572 0.6934038267875126 0.029202762084118133 0.04796911715340706
6 0.32793157564344005 0.5517791205102384 0.02747018204645332 0.04337025847599865
6 0.42599497802887637 0.6279288351795904 0.02922787193973639 0.050990265189660836
6 0.6503735091023226 0.4899295065458208 0.04186440677966109 0.0424303457536087
0 0.5477118644067797 0.5083417254112118 0.03428750784683 0.048170527022490806
8 0.4415065913370998 0.3924974823766365 0.07935342121782804 0.06807653575025167
8 0.5457281858129316 0.44122188653910704 0.0785059635907094 0.06804296743873789
1 0.51853421217828 0.9610104061765693 0.02826741996233507 0.03736153071500506
8 0.4153138731952291 0.7408526351124539 0.058970495919648376 0.16391406512252443
8 0.2710012554927809 0.36829472977509237 0.025800376647834286 0.046324269889224515
8 0.2507689893283113 0.3562604900973481 0.024105461393596997 0.04625713326619677
8 0.11529504080351537 0.24535078885532058 0.09215317011927183 0.0791540785498489
6 0.1288920276208412 0.240281973816717 0.04021971123666041 0.04840550520308834
8 0.31372881355932203 0.3749076871433367 0.03013810420590081 0.058576703591809325
8 0.354224733207784 0.39519973145350795 0.020652856246076642 0.0385699899295065
8 0.44927495291902064 0.4261664988251091 0.02325800376647826 0.046223564954682814
8 0.40702762084118016 0.41273917421953676 0.023207784055241654 0.04018126888217526
8 0.4243126177024482 0.42262504196038936 0.024143126177024427 0.05078885532057743
8 0.48976459510357817 0.44721383014434374 0.029290646578782165 0.058543135280295276
8 0.5369899560577527 0.4732796240349111 0.031795354676710574 0.054112118160456656
8 0.9075800376647833 0.7341893252769385 0.05303201506591318 0.060993622020812294
6 0.9195982423101067 0.7661799261497146 0.05897677338355306 0.06273917421953672
2 0.0030665411173885753 0.4008727760993622 0.006133082234777151 0.03511245384357162
2 0.5960891399874451 0.5487076200067136 0.012140615191462676 0.0337025847599866
2 0.5923101067168863 0.4937395099026519 0.01034526051475218 0.021550855991943584
2 0.576745134965474 0.4807653575025176 0.00779033270558688 0.019939577039274993
2 0.5644193345888261 0.48578382007385024 0.007802887633396055 0.021450151057401882
2 0.5593471437539235 0.484474655924807 0.006980539861895761 0.0244377307821417
2 0.6231732580037664 0.5008224236320914 0.008650345260514699 0.021483719368915667
2 0.598286252354049 0.48821752265861024 0.006942875078468236 0.019906008727761035
2 0.2867168863779034 0.3631419939577039 0.006942875078468236 0.019906008727761035
1 0.41623352165725047 0.27344746559248073 0.018022598870056486 0.02789526686807658
