6 0.6584715075281113 0.528032619775739 0.18623340321453538 0.3165137614678899
6 0.6190045105139445 0.22461773700305812 0.14983164983164982 0.33506625891947
8 0.5172638333015692 0.2214576962283384 0.13601423035385302 0.37003058103975534
0 0.500603519471444 0.06819571865443426 0.1137157740931326 0.13639143730886852
2 0.5477256845181373 0.5053516819571865 0.030366558668445447 0.10275229357798173
2 0.564052474429833 0.4812945973496432 0.031986531986531994 0.0983690112130478
2 0.5823168794866909 0.44633027522935775 0.02839717934057574 0.09031600407747188
2 0.5184867543358109 0.4302752293577981 0.04205577790483444 0.047706422018348696
2 0.5095610189949813 0.40693170234454634 0.04126167333714501 0.05066258919469927
2 0.4855790610507592 0.40825688073394495 0.030874785591766724 0.04485219164118252
