1 0.49626984126984125 0.8824701820464532 0.17148148148148143 0.20160075329566857
2 0.48944444444444446 0.7620370370370371 0.12873015873015858 0.14485247959824213
2 0.5049911816578483 0.6604833647206529 0.13190476190476194 0.14497802887633388
2 0.569268077601411 0.6268832391713748 0.0966843033509699 0.11958568738229766
2 0.6129541446208112 0.6540960451977401 0.05897707231040566 0.08562460765850602
2 0.6152469135802469 0.534008160703076 0.12000000000000004 0.1445072190834903
2 0.5989065255731922 0.6038292529817954 0.10770723104056447 0.11296296296296293
2 0.28067901234567905 0.42371311989956056 0.14932980599647266 0.20637162586315125
2 0.22951499118165783 0.5506748273697426 0.08754850088183423 0.1502824858757062
1 0.5331128747795414 0.3272441933458883 0.25282186948853624 0.6544883866917766
