6 0.40729166666666666 0.687037037037037 0.1390625 0.11944444444444445
2 0.23359375 0.7921296296296296 0.0171875 0.06018518518518518
2 0.26953125 0.7597222222222222 0.015104166666666667 0.04814814814814815
2 0.30755208333333334 0.7277777777777777 0.018229166666666668 0.05185185185185185
2 0.31015625 0.7726851851851851 0.017708333333333333 0.05
2 0.3611979166666667 0.7726851851851851 0.009375 0.041666666666666664
2 0.37942708333333336 0.7791666666666667 0.014583333333333334 0.05555555555555555
2 0.39348958333333334 0.8092592592592592 0.015104166666666667 0.05185185185185185
2 0.4440104166666667 0.7606481481481482 0.015104166666666667 0.04814814814814815
2 0.38359375 0.7592592592592593 0.011979166666666667 0.04259259259259259
2 0.396875 0.750462962962963 0.011979166666666667 0.040740740740740744
2 0.2520833333333333 0.8111111111111111 0.013020833333333334 0.037037037037037035
