8 0.5437949143173024 0.8899412628487517 0.098424543946932 0.21585903083700442
8 0.44532891100055283 0.969273127753304 0.0585682697622997 0.06145374449339202
8 0.4795328911000553 0.8494126284875183 0.08073521282476498 0.20279001468428767
8 0.3800580431177446 0.8387665198237885 0.04386401326699832 0.1171806167400882
8 0.4538557213930348 0.6662995594713657 0.07468214483139861 0.2086637298091043
8 0.42631288004422335 0.5323788546255507 0.05740740740740742 0.16270190895741557
8 0.4884328358208956 0.462848751835536 0.0912106135986732 0.274302496328928
8 0.5553620784964068 0.5355359765051395 0.11528468767274735 0.2947136563876651
8 0.47939469320066336 0.20154185022026433 0.07534549474847983 0.2350954478707783
2 0.3848949695964621 0.9326725403817914 0.017855168601437328 0.01967694566813523
