8 0.7240566037735849 0.6422413793103449 0.40212264150943394 0.5517241379310345
6 0.4375 0.3771551724137931 0.24646226415094338 0.27370689655172414
2 0.3873820754716981 0.1875 0.020047169811320754 0.07758620689655173
2 0.3313679245283019 0.12392241379310345 0.025943396226415096 0.06896551724137931
2 0.2847877358490566 0.09913793103448276 0.020047169811320754 0.08189655172413793
2 0.3903301886792453 0.08189655172413793 0.015330188679245283 0.07327586206896551
2 0.5235849056603774 0.07219827586206896 0.012971698113207548 0.07758620689655173
2 0.5742924528301887 0.09375 0.012971698113207548 0.0668103448275862
2 0.4834905660377358 0.10883620689655173 0.014150943396226415 0.06896551724137931
2 0.4722877358490566 0.061422413793103446 0.014150943396226415 0.07543103448275862
2 0.4882075471698113 0.059267241379310345 0.015330188679245283 0.0603448275862069
2 0.27653301886792453 0.02693965517241379 0.018867924528301886 0.05387931034482758
