8 0.23842034805890228 0.5676832151300237 0.11112003569834897 0.1808983451536641
8 0.36070950468540836 0.5724822695035461 0.11967871485943767 0.19612293144208043
8 0.5352476572958501 0.5601891252955082 0.11750111557340483 0.22368794326241134
8 0.7014725568942436 0.6337115839243499 0.06643462739848281 0.16638297872340435
8 0.7104908522980812 0.7755082742316786 0.044283801874163226 0.11021276595744671
8 0.4315350290049085 0.6879905437352246 0.08064257028112456 0.13716312056737595
8 0.3789602855867916 0.7380378250591015 0.06602409638554212 0.11744680851063839
8 0.4225256581883088 0.8343971631205673 0.08731816153502892 0.07148936170212747
8 0.48774207942882647 0.7837825059101655 0.054984381972333844 0.09361702127659574
8 0.7080678268630076 0.8456028368794325 0.03561802766622043 0.0822222222222221
8 0.5104774654172244 0.8378486997635934 0.037956269522534516 0.07380614657210398
8 0.5515394912985274 0.7075886524822697 0.0671575189647479 0.10898345153664292
2 0.6591387773315485 0.8277304964539006 0.011128960285586745 0.03446808510638308
2 0.5991923248549754 0.8604728132387707 0.009870593485051227 0.028037825059101715
