2 0.34048769266160567 0.6406712172923777 0.1998849781458477 0.08566552901023898
2 0.3266850701633311 0.5517633674630262 0.1587761674718196 0.07053469852104652
2 0.5662985967333793 0.36160409556313994 0.2059121233034277 0.08248009101251419
2 0.5621808143547274 0.2655290102389079 0.15521048999309864 0.06188850967007961
2 0.6950425580860364 0.24448236632536977 0.14380032206119167 0.08020477815699659
2 0.8067977915804003 0.35620022753128555 0.17759374281113421 0.07463026166097841
2 0.7291350356567747 0.5319112627986348 0.15585461237635162 0.07383390216154719
2 0.916689671037497 0.33003412969283275 0.08359788359788375 0.055858930602957935
2 0.9488957902001379 0.6524459613196815 0.03061881757533932 0.05051194539249131
2 0.5879572118702554 0.21860068259385665 0.12433862433862425 0.06416382252559731
