6 0.5636809842249657 0.35227099527511047 0.15701731824417012 0.1717725956409085
2 0.469596622085048 0.23656835848193875 0.015552126200274356 0.0616902911141594
2 0.5064879115226337 0.22151729919219634 0.01382458847736627 0.06260478585581465
2 0.5289459019204389 0.20962886755067825 0.01666666666666677 0.05662246608748663
2 0.5565157750342935 0.2212124676116446 0.011891289437585724 0.03882792257277856
2 0.578875171467764 0.1974927602499619 0.013593106995884736 0.03482700807803688
2 0.5954175240054869 0.23919753086419754 0.017176783264746278 0.04843011736015857
2 0.6044067215363511 0.2768061271147691 0.013091563786008254 0.04404816338972714
2 0.5681477194787381 0.26362216125590615 0.013168724279835344 0.0533074226489864
2 0.580088305898491 0.2736625514403292 0.014317558299039858 0.05235482395976226
2 0.5357317386831276 0.26045953360768176 0.021832133058984852 0.05182136869379663
2 0.5549468449931413 0.17175354366712392 0.015950788751714674 0.040123456790123455
2 0.389804098079561 0.3783531473860692 0.014836248285322259 0.04519128181679616
