0 0.7212215320910974 0.7535467671060891 0.26825396825396813 0.10935342121782793
1 0.6799861973775017 0.5792655367231638 0.20779848171152515 0.07280602636534834
1 0.20862663906142168 0.6648022598870057 0.16390614216701171 0.061933458882611384
1 0.16311249137336095 0.766541117388575 0.08274672187715666 0.050458254865034406
1 0.20973084886128363 0.8062523540489642 0.07625948930296753 0.043578154425612046
1 0.27705314009661836 0.8208913998744507 0.07619047619047618 0.04188323917137476
1 0.4368184955141477 0.8192404268675455 0.08916494133885437 0.05564344005021967
1 0.6583505866114562 0.8101192718141871 0.13561076604554853 0.053006905210295024
1 0.5666321601104211 0.8442059008160703 0.07349896480331251 0.05200251098556179
1 0.6959972394755004 0.8962649089767734 0.08578329882677704 0.04881355932203382
1 0.7793650793650795 0.8857564344005021 0.10158730158730157 0.05584431889516647
1 0.8572463768115941 0.8167231638418079 0.11683919944789523 0.04931575643440044
