6 0.4046875 0.46805555555555556 0.0921875 0.1
6 0.47109375 0.48055555555555557 0.0890625 0.10555555555555556
6 0.55546875 0.4888888888888889 0.08125 0.10833333333333334
6 0.6375 0.4861111111111111 0.084375 0.1111111111111111
6 0.73203125 0.49722222222222223 0.0703125 0.11388888888888889
6 0.8359375 0.5277777777777778 0.0734375 0.10555555555555556
2 0.1703125 0.41944444444444445 0.0125 0.044444444444444446
2 0.15859375 0.41944444444444445 0.0125 0.04722222222222222
2 0.14375 0.41805555555555557 0.009375 0.044444444444444446
2 0.13125 0.4166666666666667 0.0125 0.041666666666666664
2 0.11796875 0.4152777777777778 0.0125 0.041666666666666664
2 0.10703125 0.4166666666666667 0.0140625 0.03888888888888889
2 0.09375 0.4125 0.0140625 0.044444444444444446
2 0.075 0.4083333333333333 0.0109375 0.041666666666666664
2 0.0625 0.4027777777777778 0.009375 0.044444444444444446
2 0.046875 0.4013888888888889 0.009375 0.041666666666666664
2 0.02265625 0.3958333333333333 0.009375 0.04722222222222222
