8 0.24638663053297202 0.3386328725038403 0.1144233664558868 0.07281105990783415
8 0.3516260162601626 0.4402713773681516 0.13550135501355018 0.08458781362007167
8 0.4327762722071665 0.5058627752176139 0.13971695272508286 0.08694316436251924
1 0.49164408310749774 0.538888888888889 0.08897922312556458 0.05637480798771129
8 0.5321439325504366 0.6039682539682539 0.1612466124661245 0.10563236047107012
4 0.6023788015657935 0.649820788530466 0.14829870520927427 0.09395801331285214
4 0.6763023185787413 0.7014848950332822 0.15296597410418566 0.10322580645161279
8 0.3839205058717254 0.6309267793138762 0.22041553748870824 0.2030721966205837
8 0.30179162902740136 0.39352278545826935 0.15130984643179768 0.07788018433179726
4 0.7367509786208973 0.7414490527393753 0.16636555254441432 0.059651817716333905
6 0.17735621800662452 0.27434715821812594 0.10915386931647092 0.05432667690732208
