6 0.7180656443368308 0.41364306784660765 0.1945744776253251 0.27227138643067844
6 0.3061474307237019 0.7155850540806293 0.21607927540130928 0.2386430678466077
6 0.07445520581113801 0.9026548672566371 0.11398977670164112 0.18171091445427726
1 0.49096045197740107 0.10961160275319567 0.16093623890234068 0.1523598820058997
1 0.5172316384180791 0.23129301868239924 0.1405165456012913 0.17059980334316613
1 0.3648237826203928 0.2023107177974435 0.1454667742803336 0.18426745329400196
1 0.3120392789884315 0.2876843657817109 0.1602277822616805 0.21420845624385454
1 0.16336203031118285 0.39626352015732547 0.14530535377993006 0.16435594886922322
1 0.14735001345170837 0.503441494591937 0.09912115505335846 0.13849557522123898
1 0.6433369204555646 0.6654867256637167 0.057671957671957735 0.09975417895771893
1 0.7632768361581921 0.5899950835791544 0.05528652138821612 0.10398230088495575
1 0.6821271634830957 0.7372664700098328 0.08929244013989766 0.12000983284169142
1 0.6930723701910142 0.8067846607669615 0.07339252085014802 0.09882005899705032
2 0.41581920903954805 0.11347099311701082 0.05183391624069586 0.12581120943952803
2 0.29402295758227964 0.11907571288102262 0.03091202582728003 0.08210422812192725
2 0.030683346785041702 0.4740412979351032 0.02480495022867904 0.07497541789577193
2 0.7138328401040265 0.4874631268436578 0.02713657967895241 0.06411012782694195
2 0.5417496188682629 0.7933874139626351 0.026051475204017526 0.07949852507374644
2 0.9323065195946552 0.5860127826941985 0.024876692673302822 0.08382497541789583
2 0.030064568200161422 0.40093411996066863 0.025961797148237823 0.06843657817109146
