2 0.12345679012345681 0.3889830508474576 0.14997713763145862 0.059322033898305086
2 0.29618198445358945 0.6398305084745762 0.21684956561499774 0.07457627118644068
2 0.4406721536351166 0.75 0.20198902606310018 0.05593220338983051
2 0.41895290352080483 0.38305084745762713 0.2358253315043438 0.07796610169491526
2 0.6163122999542753 0.5305084745762711 0.16780978509373573 0.05423728813559322
2 0.49182670324645633 0.5457627118644067 0.10791037951531769 0.06779661016949153
2 0.9336705532693186 0.6076271186440678 0.13265889346136273 0.04745762711864407
2 0.8990340649291267 0.6457627118644068 0.20193187014174652 0.05254237288135593
2 0.7519433013260174 0.6322033898305085 0.14529035208047555 0.04745762711864407
2 0.9511888431641519 0.28559322033898304 0.09762231367169617 0.05084745762711865
2 0.7552011888431641 0.4847457627118644 0.1825560128029264 0.09491525423728814
2 0.7724051211705532 0.5779661016949152 0.1927297668038409 0.05593220338983051
