3 0.60703125 0.6277777777777778 0.4822916666666667 0.35833333333333334
3 0.17291666666666666 0.30185185185185187 0.2515625 0.13425925925925927
3 0.25859375 0.1587962962962963 0.14739583333333334 0.06481481481481481
3 0.28880208333333335 0.10740740740740741 0.09739583333333333 0.04537037037037037
3 0.3046875 0.09074074074074075 0.0890625 0.03888888888888889
3 0.42083333333333334 0.0763888888888889 0.0484375 0.03425925925925926
2 0.32395833333333335 0.5259259259259259 0.0078125 0.03148148148148148
2 0.32135416666666666 0.49722222222222223 0.008854166666666666 0.024074074074074074
2 0.30911458333333336 0.2962962962962963 0.005208333333333333 0.016666666666666666
3 0.0671875 0.8731481481481481 0.134375 0.23333333333333334
