6 0.25375746714456393 0.23919134033747214 0.04565113500597374 0.1210442534224769
6 0.46709976105137396 0.0220152817574021 0.017933094384707256 0.0440305635148042
6 0.46124551971326166 0.07099649793059536 0.01711469534050175 0.04431709646609361
6 0.4598984468339307 0.10404329831263928 0.01631421744324976 0.04568608723336517
6 0.4581750298685783 0.13067494428525947 0.01793309438470744 0.04724609996816298
6 0.4523387096774194 0.17696593441579114 0.01715651135005982 0.05434574976122255
6 0.4292741935483871 0.4881407195160777 0.021182795698924718 0.05323145495065267
6 0.4365232974910394 0.6830627188793378 0.020382317801672725 0.05460044571792419
1 0.2949761051373955 0.11778096147723655 0.03163679808841105 0.046895893027698206
8 0.30964755077658307 0.07938554600445719 0.05034647550776583 0.08704234320280166
8 0.3011768219832736 0.17744348933460682 0.044647550776582993 0.07370264247055079
8 0.3743309438470729 0.4208691499522445 0.06989247311827963 0.13441579114931562
8 0.4283452807646356 0.4209009869468322 0.03489844683393079 0.05574657752308188
8 0.43982377538829154 0.37488061127029604 0.02680406212664274 0.04794651384909269
8 0.4427927120669056 0.3395574657752308 0.025997610513739514 0.04788283985991722
1 0.445110513739546 0.26704871060171914 0.018691756272401366 0.03584845590576252
8 0.4688321385902031 0.00957497612225406 0.026027479091995306 0.01914995224450812
8 0.5489068100358423 0.025405921680993315 0.016284348864993966 0.03852276345113021
8 0.5455077658303464 0.06720789557465776 0.020382317801672725 0.05460044571792423
8 0.542810633213859 0.13401782871696913 0.03100955794504183 0.08981216173193247
8 0.5410483870967742 0.16996179560649474 0.01789127837514937 0.03721744667303404
8 0.4526135005973716 0.5944285259471507 0.025860215053763392 0.20827761859280478
8 0.4942293906810036 0.6677650429799428 0.02972520908004779 0.16848137535816607
8 0.5471535244922342 0.6392390958293537 0.020710872162485135 0.13339700732250873
8 0.53360513739546 0.6016396052212671 0.017037037037037028 0.0256924546322828
8 0.5121326164874552 0.9177013689907673 0.021069295101553157 0.026010824578159838
8 0.5124044205495818 0.9491881566380134 0.02024492234169642 0.02164915631964339
0 0.5199074074074075 0.4065106653931868 0.016320191158900803 0.0471187519898122
8 0.5515621266427718 0.451989812161732 0.017502986857825562 0.13744030563514814
8 0.5330495818399045 0.4448583253740847 0.023596176821983166 0.05198981216173194
6 0.5542562724014337 0.2892231773320599 0.01552568697729986 0.04992040751353071
8 0.5213112305854241 0.8432187201528175 0.021093189964157714 0.0317414836039478
8 0.5216158900836321 0.7701528175740209 0.02352449223416967 0.03479783508436787
2 0.5122341696535245 0.3133078637376631 0.012132616487455226 0.009551098376313221
2 0.5976941457586619 0.21561604584527222 0.007275985663082359 0.004871060171919738
2 0.5379091995221027 0.3427889207258835 0.006481481481481414 0.00767271569563833
2 0.5423118279569893 0.3503183699458771 0.008088410991636817 0.006367398917542202
2 0.5417532855436081 0.38759949060808657 0.008100358422939097 0.009232728430436186
2 0.5292473118279569 0.3900191021967526 0.008082437275985769 0.004934734161095211
2 0.5340442054958184 0.39966571155682906 0.011326164874551816 0.009487424387137912
2 0.53360513739546 0.40829353709009875 0.011326164874552 0.009487424387137912
2 0.543715651135006 0.400334288443171 0.009725209080047828 0.01222540592168095
2 0.5610334528076464 0.40397962432346385 0.006499402628434924 0.011970709964979386
2 0.5589456391875747 0.42133078637376636 0.0072819593787335915 0.00630372492836673
2 0.5220221027479093 0.866077682266794 0.009725209080047828 0.01222540592168095
1 0.6010095579450417 0.7739095829353708 0.010591397849462269 0.026615727475326336
8 0.6224970131421743 0.84095829353709 0.011385902031063398 0.023814071951607826
