0 0.7842857142857143 0.303125 0.21714285714285714 0.0703125
1 0.6828571428571428 0.4546875 0.1742857142857143 0.0421875
1 0.2957142857142857 0.31328125 0.13714285714285715 0.0375
1 0.29428571428571426 0.215625 0.06 0.0390625
1 0.35 0.1859375 0.054285714285714284 0.0328125
1 0.4142857142857143 0.18203125 0.05714285714285714 0.03125
1 0.5557142857142857 0.20546875 0.06285714285714286 0.0421875
1 0.7485714285714286 0.24375 0.11142857142857143 0.0328125
1 0.68 0.20078125 0.04857142857142857 0.0421875
1 0.8142857142857143 0.17109375 0.06285714285714286 0.0359375
1 0.8842857142857142 0.1921875 0.07428571428571429 0.0421875
1 0.94 0.265625 0.12 0.0328125
