6 0.639171196224666 0.2636827110511321 0.10884843888256873 0.29914529914529914
2 0.6859541566595037 0.4370595291647923 0.03523785446424801 0.03696206327785271
2 0.7005856823831795 0.37426900584795314 0.03518729195634783 0.033925626030889146
2 0.7113470694813129 0.33582621082621084 0.03241056756415111 0.03759934023091907
2 0.7096848270340875 0.2873556755135702 0.02201997219062072 0.027140500824711318
2 0.7267370328234947 0.2501124606387764 0.020347195887582523 0.02893987104513422
2 0.7068238317953903 0.2182486129854551 0.02785994185311584 0.03699955015744488
2 0.6876901360974171 0.19896161343529764 0.0254835039817976 0.030626780626780606
2 0.6887688029326253 0.26373894137052034 0.030034129692832867 0.031226570700254908
2 0.685269456031686 0.24188409056830107 0.030067838031433158 0.03325086219823061
2 0.684576328319218 0.32008172139751084 0.030270088063034627 0.045396611186084866
2 0.736588294779421 0.29395336632178737 0.023275607803480286 0.03437546858599487
2 0.5937176083933763 0.5638401559454191 0.026102894703577184 0.03373819163292863
