8 0.597096260938743 0.40032346757237586 0.054556704676036426 0.12948406922206052
8 0.5926235304516927 0.27163189390263626 0.03479183240519757 0.08696425683325248
1 0.09602227525855211 0.8405143134400777 0.08284274728188809 0.10920265243409351
1 0.06660921064262353 0.8311822739770337 0.06002828604260587 0.09923985120491675
2 0.6967073278529127 0.2823791039948245 0.014956245027844038 0.04007763221737021
2 0.7214929726862901 0.3378537926572861 0.021170335012817273 0.05568494258450591
2 0.5599708300185627 0.467895843441695 0.017484310085742142 0.048940643700469
2 0.7439405993105277 0.35958272683163517 0.015097675240873408 0.04881125667151868
2 0.7643772650932555 0.29400776322173705 0.014956245027844038 0.04007763221737021
2 0.7644214620348272 0.3704916707100113 0.012357464863431518 0.02684780850719717
2 0.7403562273490675 0.47013585638039784 0.01499160258110138 0.04226103833090732
2 0.7544152744630073 0.3426249393498302 0.01376292760540967 0.04001293870289511
8 0.5758994077609829 0.8614830988193435 0.11567223548130477 0.22223839560084088
