8 0.4297015927844944 0.2416359487449535 0.4022548455190942 0.457152887484641
6 0.6141959316829784 0.4379410215903107 0.269055843408175 0.7314902580305425
2 0.7263097294185377 0.7620414253115675 0.020571867203991435 0.0413375460768826
2 0.7284926117827673 0.6850272073020887 0.036250239877182865 0.04691943127962075
2 0.7019765879869506 0.6135773213972266 0.0441565918249857 0.05208004212743545
2 0.7533246977547495 0.5641477970861857 0.01907503358280547 0.034158328945058776
2 0.7874976012281713 0.20525715288748467 0.047975436576472734 0.04992101105845181
2 0.7841633083861064 0.3000087765490609 0.02827672231817307 0.039389152185360675
2 0.7789771636921895 0.36855362471476216 0.02200153521397043 0.04614709496226079
2 0.7652513912876607 0.3951026856240127 0.0429284206486279 0.05437949798139362
