2 0.3577586206896552 0.6627358490566038 0.032327586206896554 0.0330188679245283
2 0.375 0.629127358490566 0.03017241379310345 0.03773584905660377
2 0.3308189655172414 0.558372641509434 0.028017241379310345 0.036556603773584904
2 0.3081896551724138 0.4793632075471698 0.02586206896551724 0.031839622641509434
2 0.38469827586206895 0.44457547169811323 0.036637931034482756 0.030660377358490566
2 0.49030172413793105 0.4204009433962264 0.02586206896551724 0.025943396226415096
2 0.5474137931034483 0.39327830188679247 0.01939655172413793 0.02358490566037736
2 0.5495689655172413 0.3490566037735849 0.017241379310344827 0.02122641509433962
2 0.49245689655172414 0.33077830188679247 0.015086206896551725 0.018867924528301886
2 0.4170258620689655 0.29009433962264153 0.017241379310344827 0.02122641509433962
2 0.3793103448275862 0.2694575471698113 0.017241379310344827 0.018867924528301886
2 0.30387931034482757 0.23820754716981132 0.015086206896551725 0.01650943396226415
1 0.15193965517241378 0.36497641509433965 0.08405172413793104 0.03891509433962264
