2 0.442925659472422 0.8720043572984749 0.08912869704236602 0.20108932461873646
2 0.14092725819344523 0.3242283950617284 0.09608313349320542 0.2675562817719681
2 0.22985611510791365 0.05694444444444444 0.09280575539568342 0.11388888888888889
2 0.3388888888888889 0.1501543209876543 0.09720223820943252 0.19179375453885258
2 0.3178657074340528 0.08174019607843137 0.08465227817745792 0.16348039215686275
2 0.4062350119904076 0.09695896877269428 0.06914468425259801 0.17541757443718228
2 0.4392086330935252 0.1870551924473493 0.09056754596322938 0.1718228031953522
2 0.5138689048760992 0.21077523602033404 0.07290167865707428 0.1805374001452433
2 0.6328137490007993 0.2109386347131445 0.07058353317346137 0.182843137254902
2 0.7143485211830536 0.2796750181554103 0.07066346922462037 0.14860203340595496
2 0.7890887290167865 0.30584604212055194 0.07985611510791356 0.1736201888162672
2 0.8050759392486012 0.4276688453159041 0.07050359712230238 0.18039215686274515
2 0.8682653876898481 0.4312091503267974 0.07761790567545965 0.2150689905591867
2 0.9246203037569944 0.446214596949891 0.06770583533173465 0.16799201161946253
2 0.908952837729816 0.6288943355119826 0.07282174260591501 0.1780864197530863
2 0.9721223021582733 0.6846223674655046 0.05575539568345324 0.20274146695715323
2 0.9603517186251 0.826388888888889 0.07929656274980001 0.2387254901960784
