8 0.3600247524752475 0.7249269005847954 0.29474697469746974 0.28845029239766073
8 0.5168866886688669 0.49758771929824563 0.2284103410341034 0.20190058479532164
8 0.09163916391639165 0.4655701754385965 0.1832783278327833 0.1960526315789473
8 0.13825632563256327 0.24385964912280703 0.15525302530253027 0.13859649122807022
8 0.41120737073707375 0.25862573099415204 0.14276677667766782 0.13274853801169584
8 0.4994774477447745 0.3553362573099415 0.20800330033003292 0.17543859649122806
8 0.7015126512651266 0.368640350877193 0.20585808580858106 0.18830409356725147
8 0.8196644664466447 0.28252923976608185 0.14023652365236527 0.1302631578947368
8 0.9022002200220023 0.5340643274853801 0.16243124312431254 0.17880116959064332
8 0.0008525852585258528 0.5846491228070176 0.0017051705170517057 0.12456140350877183
2 0.6091721672167216 0.3850146198830409 0.02252475247524758 0.06169590643274852
2 0.5812293729372937 0.36754385964912284 0.015154015401540114 0.06301169590643278
