0 0.6275001525413386 0.28559248397958076 0.1565257184697054 0.3153687411751927
2 0.6467234120446641 0.700005430650592 0.0712551101348465 0.05732594764852824
2 0.6563487705168101 0.6826762246117085 0.0736652632863507 0.05025524057782121
2 0.7218927329306242 0.5340284566091018 0.03562755506742325 0.02866297382426412
2 0.7262615168710721 0.3062832627348756 0.04978949295259007 0.04920169436298467
2 0.6040698029165904 0.12902682741392418 0.08785160778570998 0.07372651243618986
2 0.36513210079931663 0.2593841642228739 0.1578009640612606 0.17193439774084932
1 0.34259564341936666 0.14400456174649723 0.1911892122765269 0.2281959378733572
1 0.6849990847519678 0.45969371130661446 0.06475074745255947 0.26466818724883234
1 0.7298767465983281 0.5157923319213642 0.052779303191164854 0.2106657977625719
