6 0.5218160377358491 0.8930288461538461 0.04481132075471698 0.10576923076923077
6 0.5241745283018868 0.8088942307692307 0.041273584905660375 0.11778846153846154
6 0.53125 0.7019230769230769 0.04009433962264151 0.10576923076923077
6 0.5324292452830188 0.5925480769230769 0.036556603773584904 0.10576923076923077
6 0.5265330188679245 0.5096153846153846 0.036556603773584904 0.0985576923076923
6 0.44752358490566035 0.8076923076923077 0.041273584905660375 0.12980769230769232
6 0.294811320754717 0.5805288461538461 0.03537735849056604 0.0985576923076923
4 0.5872641509433962 0.8485576923076923 0.04834905660377359 0.10096153846153846
6 0.29009433962264153 0.41586538461538464 0.041273584905660375 0.052884615384615384
6 0.30778301886792453 0.3245192307692308 0.0330188679245283 0.0625
6 0.36379716981132076 0.20072115384615385 0.04716981132075472 0.07932692307692307
6 0.41037735849056606 0.15985576923076922 0.03773584905660377 0.057692307692307696
6 0.419811320754717 0.10576923076923077 0.03773584905660377 0.040865384615384616
6 0.33667452830188677 0.12860576923076922 0.0625 0.055288461538461536
6 0.30837264150943394 0.078125 0.05660377358490566 0.040865384615384616
6 0.2553066037735849 0.08533653846153846 0.0330188679245283 0.04567307692307692
6 0.2553066037735849 0.13822115384615385 0.03773584905660377 0.04567307692307692
6 0.3915094339622642 0.8389423076923077 0.05188679245283019 0.11778846153846154
6 0.6320754716981132 0.8918269230769231 0.04363207547169811 0.10336538461538461
6 0.6043632075471698 0.7920673076923077 0.04245283018867924 0.055288461538461536
6 0.6002358490566038 0.7055288461538461 0.05070754716981132 0.0985576923076923
6 0.5961084905660378 0.6225961538461539 0.04245283018867924 0.07692307692307693
6 0.5902122641509434 0.5228365384615384 0.04363207547169811 0.07692307692307693
6 0.5919811320754716 0.453125 0.04245283018867924 0.06971153846153846
6 0.6161556603773585 0.4206730769230769 0.036556603773584904 0.06971153846153846
6 0.6126179245283019 0.3581730769230769 0.04481132075471698 0.057692307692307696
6 0.29009433962264153 0.3605769230769231 0.0330188679245283 0.06490384615384616
