2 0.48675314465408803 0.9404647435897436 0.11910377358490566 0.07740384615384627
2 0.5580974842767296 0.9192307692307692 0.13301886792452824 0.1068376068376066
2 0.5362028301886792 0.8146100427350427 0.15385220125786153 0.20379273504273515
2 0.5917452830188679 0.646474358974359 0.1335691823899371 0.19567307692307687
2 0.5634040880503145 0.3969284188034188 0.14481132075471692 0.21538461538461545
2 0.5704009433962265 0.21899038461538461 0.14245283018867919 0.32329059829059825
2 0.6422955974842767 0.23493589743589743 0.1434748427672957 0.2825320512820513
2 0.6058569182389937 0.10427350427350428 0.13970125786163526 0.20854700854700856
2 0.6328616352201257 0.07112713675213675 0.1281446540880504 0.1422542735042735
2 0.2863993710691824 0.35186965811965815 0.12201257861635224 0.3103632478632478
