1 0.8984375 0.610655737704918 0.078125 0.05035128805620609
8 0.83828125 0.5772833723653396 0.1203125 0.06791569086651054
8 0.7234375 0.5386416861826698 0.115625 0.06557377049180328
8 0.6359375 0.5134660421545667 0.103125 0.059718969555035126
8 0.54375 0.4894613583138173 0.0953125 0.05620608899297424
8 0.9375 0.5140515222482436 0.125 0.07962529274004684
6 0.3859375 0.4519906323185012 0.0921875 0.0585480093676815
6 0.2828125 0.41451990632318503 0.0796875 0.05737704918032787
6 0.20390625 0.3975409836065574 0.0703125 0.05503512880562061
8 0.97109375 0.6217798594847775 0.0578125 0.0936768149882904
