1 0.450254023657165 0.06669770328988207 0.05129338762846615 0.06627353610593834
1 0.42897227070001936 0.0626939788950962 0.05166181888694976 0.06165942478791642
1 0.45154741128563114 0.12901924270639353 0.05651347682761293 0.12890544175460378
8 0.30394027535388796 0.5807469480653837 0.1465270506108203 0.35425201738050904
8 0.2756757804925344 0.8608214359611007 0.11100252084545278 0.16571487688806114
8 0.34314330036843127 0.8875129319263397 0.08780686445607917 0.14345127250155176
8 0.38889276711266235 0.9519553072625698 0.05905759162303675 0.07988826815642454
2 0.3826100445995734 0.4499896544589282 0.030219119643203413 0.029319263397475627
2 0.3820787279426022 0.4183736809435134 0.033484584060500394 0.03329195116904607
8 0.4348962575140585 0.9766294227188083 0.05902268760907505 0.046741154562383445
