6 0.6527001862197394 0.26864369339518446 0.15785226567349478 0.17137176938369791
2 0.8590006207324643 0.17288491274574774 0.020720049658597185 0.050298210735586504
2 0.8482122905027933 0.2770156836757235 0.011024208566108144 0.033642588910978564
2 0.8057852265673495 0.16616964877402252 0.021440099317194268 0.06326485531256903
2 0.7758472998137804 0.19485310360061853 0.01858472998137789 0.0580737795449525
2 0.6989882060831781 0.13737574552683895 0.020235878336436967 0.056218246079081054
2 0.6450155183116077 0.19129666445769827 0.022234636871508482 0.037508283631544084
2 0.6269335816263191 0.18676827921360728 0.020806952203600293 0.057256461232604396
2 0.738112973308504 0.22216699801192843 0.016846679081315957 0.05297106251380605
2 0.6788826815642457 0.1831566158603932 0.026319056486654367 0.05173404020322507
2 0.7607635009310987 0.1737022310580959 0.020682805710738744 0.04731610337972169
