0 0.7307692307692307 0.5875504217088375 0.293815987933635 0.11118445177851116
0 0.268552036199095 0.42994591125779247 0.21131221719457016 0.0833149981664832
0 0.16214177978883862 0.33869636963696365 0.21266968325791855 0.07590759075907581
2 0.40663650075414787 0.43748166483315 0.06289592760180986 0.05243857719105252
2 0.3693061840120664 0.4377841950861753 0.04901960784313717 0.04985331866519985
2 0.49147812971342386 0.32551796846351305 0.042232277526395086 0.03125229189585622
2 0.5840120663650076 0.3266226622662266 0.05897435897435909 0.038806380638063874
2 0.5536199095022624 0.5667308397506418 0.07782805429864248 0.06368720205353871
2 0.6004524886877829 0.5626420975430877 0.0907993966817496 0.07739273927392736
2 0.3384615384615384 0.35704987165383206 0.05671191553544494 0.03878804547121384
2 0.30942684766214174 0.35419416941694165 0.0553544494720966 0.046195452878621236
2 0.6490950226244343 0.5529748808214154 0.0420814479638007 0.030014668133479982
