6 0.24383233905045987 0.022194582642343832 0.037720606512552796 0.04367053620784964
8 0.3572738006462839 0.23944168048645662 0.07444693015162815 0.20033167495854065
8 0.4357910763112105 0.4665008291873963 0.03731667909520262 0.22520729684908794
8 0.41147775292070593 0.26802100608070756 0.037534178473775805 0.0749032614704257
8 0.4226323639075317 0.2345494748479823 0.029797414864528922 0.06495301271420668
8 0.4249937857320408 0.20149253731343283 0.03141312453392982 0.062189054726368105
1 0.4268269947800149 0.13352681039248204 0.021035297042008405 0.04593698175787727
6 0.41245650012428536 0.3415699281370923 0.026441710166542346 0.06451077943615258
6 0.4194941585881183 0.5460475400773909 0.02488814317673375 0.07025981205085692
6 0.4347035794183445 0.05657822001105583 0.020538155605269736 0.062244333886124915
6 0.44015659955257275 0.022277501381978992 0.02044494158588124 0.044555002763957983
6 0.44281319910514544 0.006730237700386949 0.016933880188913775 0.013460475400773898
8 0.5255561769823515 0.021945826423438362 0.02305493412875967 0.043891652846876725
8 0.5227286850608999 0.10823659480375897 0.019264230673626717 0.04123825317855167
8 0.523847253293562 0.07459922609176341 0.037440964454387216 0.11061359867330017
6 0.5377206065125528 0.2320342730790492 0.01612602535421323 0.05124378109452733
6 0.540268456375839 0.3105859590934218 0.016964951528709877 0.051354339414040884
8 0.5180835197613721 0.371558872305141 0.02370743226447932 0.05373134328358209
8 0.5196060154113846 0.4591763405196241 0.022775292070594182 0.04914317302376995
8 0.5350173999502859 0.40207296849087887 0.023583146905294537 0.1281370923161968
8 0.47787720606512557 0.5748203427307905 0.0421948794432016 0.17822001105583193
8 0.5337124036788466 0.5853233830845771 0.033122048222719205 0.14427860696517425
8 0.5196526224210788 0.5373134328358209 0.02007208550832726 0.03985627418463238
8 0.510284613472533 0.7059977888336096 0.01929530201342282 0.04273079049198442
8 0.5070065871240368 0.7830845771144278 0.024359930400198786 0.044886677722498707
8 0.498726075068357 0.8593421779988943 0.024142431021625693 0.03443891652846885
8 0.5012583892617449 0.8984521835268103 0.023396718866517546 0.03880597014925373
0 0.50397713149391 0.325787728026534 0.01858066119811096 0.048590381426202305
8 0.6193760874968929 0.8709784411276948 0.015784240616455354 0.03482587064676606
2 0.4910825254784987 0.2218076285240464 0.012863534675615339 0.015091210613598636
2 0.5202585135471042 0.2670812603648425 0.01193139448173001 0.010503040353786667
2 0.5241113596818294 0.28294637921503596 0.010284613472532823 0.011774461028192408
2 0.5257736763609246 0.32365948037589826 0.009383544618443975 0.008678828081813106
2 0.5180835197613721 0.331370923161968 0.009383544618443975 0.008678828081813106
2 0.5171358438975888 0.33670536207849644 0.012801391996022756 0.012106135986732963
2 0.5284302759134974 0.33670536207849644 0.01193139448173001 0.010503040353786667
2 0.5451155853840418 0.338971807628524 0.012739249316430553 0.009121061359867292
2 0.482118443947303 0.49165284687672745 0.018673875217499265 0.012880044223327706
2 0.48901628138205316 0.5019071310116087 0.013702460850111793 0.015201768933112267
2 0.5080164056674124 0.8149530127142067 0.015380313199105081 0.01542288557213953
1 0.5949695500869997 0.7774461028192372 0.01155853840417603 0.03278054173576574
