2 0.49038821954484607 0.9663656267104542 0.05424364123159306 0.06726874657909146
2 0.47195894689870593 0.9202791461412151 0.05133422579205715 0.08233898923554096
2 0.44159750111557344 0.8834519248312351 0.0504417670682731 0.09450830140485329
2 0.41580544399821506 0.8373563218390804 0.051271753681392356 0.07987593504834885
2 0.40181169120928156 0.7828680897646415 0.05507362784471218 0.08770297390987053
2 0.3843150379294958 0.6849844918810435 0.05634091923248554 0.09031198686371118
2 0.36331994645247656 0.6149151614668856 0.05875055778670241 0.0906039043970077
2 0.3388576528335564 0.5738916256157636 0.048612226684515765 0.06973180076628357
2 0.33196787148594376 0.515353037766831 0.053431503792949496 0.07031563583287717
2 0.3130611334225792 0.45658638934501006 0.05577867023650157 0.06814449917898184
2 0.291847389558233 0.3778963692756796 0.04771976796073185 0.08190111293559563
2 0.44092815707273536 0.31247035212552454 0.05222668451584107 0.07016967706622877
