8 0.2482311320754717 0.41458333333333336 0.10141509433962265 0.16041666666666668
8 0.36733490566037735 0.42916666666666664 0.10849056603773585 0.175
8 0.5371462264150944 0.46979166666666666 0.10495283018867925 0.20208333333333334
8 0.7016509433962265 0.4239583333333333 0.05778301886792453 0.15416666666666667
8 0.714622641509434 0.2864583333333333 0.03891509433962264 0.10208333333333333
8 0.4404481132075472 0.328125 0.07311320754716981 0.12291666666666666
8 0.3903301886792453 0.2708333333333333 0.060141509433962265 0.10625
8 0.4357311320754717 0.18333333333333332 0.08254716981132075 0.05625
8 0.49764150943396224 0.24270833333333333 0.049528301886792456 0.08333333333333333
8 0.714622641509434 0.21770833333333334 0.031839622641509434 0.075
8 0.5218160377358491 0.19375 0.03419811320754717 0.06666666666666667
8 0.5577830188679245 0.328125 0.06132075471698113 0.09583333333333334
2 0.6662735849056604 0.22708333333333333 0.009433962264150943 0.03125
2 0.6090801886792453 0.18541666666666667 0.008254716981132075 0.027083333333333334
