6 0.625 0.5304401666103794 0.08083048919226395 0.1890014634695485
6 0.5833902161547213 0.4814026792750198 0.07995828593098227 0.18745919171451075
8 0.11314941221084567 0.02554880108071597 0.06892301858172165 0.05109760216143194
6 0.4523701175578308 0.4544748395812226 0.09958285930982186 0.1879770347855454
6 0.2737011755783087 0.3156197230665316 0.086518771331058 0.16636271529888547
6 0.3209897610921502 0.18295620848812338 0.08320060675009486 0.10550489699425869
6 0.2393629124004551 0.0939547450185748 0.0728668941979522 0.16600247664077453
8 0.14994311717861208 0.05084430935494765 0.06188850967007961 0.1016886187098953
6 0.7397516116799393 0.9383710458178542 0.08295411452408036 0.08574805808848361
6 0.7518107698141828 0.8263874817066307 0.09670079635949956 0.16207362377575135
