6 0.453125 0.8006944444444445 0.13125 0.2611111111111111
6 0.603515625 0.6881944444444444 0.1484375 0.19722222222222222
8 0.5984375 0.5222222222222223 0.16953125 0.16805555555555557
8 0.8234375 0.38819444444444445 0.1171875 0.22083333333333333
0 0.695703125 0.46458333333333335 0.09453125 0.15694444444444444
0 0.90078125 0.32916666666666666 0.0671875 0.12361111111111112
0 0.98203125 0.27152777777777776 0.0359375 0.11388888888888889
2 0.45703125 0.6173611111111111 0.0484375 0.034722222222222224
2 0.4703125 0.6395833333333333 0.04609375 0.0375
2 0.4890625 0.6638888888888889 0.0421875 0.03333333333333333
2 0.49296875 0.5576388888888889 0.0171875 0.0625
2 0.504296875 0.5395833333333333 0.01875 0.06111111111111111
2 0.501953125 0.5006944444444444 0.01796875 0.044444444444444446
2 0.529296875 0.6048611111111111 0 0
