8 0.3315476190476191 0.40942146526088136 0.09826839826839821 0.08575290619086232
8 0.37775974025974024 0.47562854825628553 0.10854978354978356 0.09216004325493367
8 0.4166666666666667 0.5415923222492566 0.12402597402597398 0.10237902135712355
8 0.48149350649350653 0.6273317112733172 0.12943722943722946 0.10862395241957272
1 0.5297077922077922 0.6710327115436605 0.08560606060606063 0.0707758853744257
8 0.5610930735930736 0.7574885104082184 0.14383116883116887 0.12487158691538247
4 0.6142316017316017 0.8190456880237901 0.1521645021645022 0.12757502027575035
8 0.4166666666666667 0.779521492295215 0.19080086580086575 0.2525817788591512
6 0.2734848484848485 0.2934036226007029 0.10638528138528143 0.08602324952689916
6 0.217478354978355 0.21832927818329279 0.08917748917748919 0.07453365774533656
6 0.1672077922077922 0.1794403892944039 0.07586580086580089 0.0340632603406326
