8 0.13828125 0.5597189695550351 0.153125 0.07728337236533958
8 0.27734375 0.5269320843091335 0.121875 0.06088992974238876
8 0.3890625 0.502927400468384 0.10625 0.05737704918032787
8 0.73984375 0.42564402810304447 0.0625 0.03864168618266979
1 0.4015625 0.8167447306791569 0.1234375 0.06088992974238876
1 0.45546875 0.7991803278688525 0.1234375 0.0585480093676815
1 0.56328125 0.7412177985948478 0.1171875 0.04918032786885246
1 0.62578125 0.6973067915690867 0.0828125 0.03864168618266979
8 0.03203125 0.5995316159250585 0.0640625 0.06088992974238876
8 0.47109375 0.49063231850117095 0.0578125 0.05035128805620609
8 0.54296875 0.48009367681498827 0.0671875 0.05620608899297424
8 0.60625 0.4560889929742389 0.0640625 0.03981264637002342
8 0.66796875 0.44437939110070257 0.0671875 0.03629976580796253
8 0.21953125 0.5122950819672131 0.0796875 0.02810304449648712
8 0.31953125 0.4882903981264637 0.0671875 0.03278688524590164
8 0.43125 0.4672131147540984 0.065625 0.0234192037470726
8 0.51328125 0.4537470725995316 0.0671875 0.03044496487119438
8 0.57421875 0.4408665105386417 0.0671875 0.02459016393442623
8 0.08359375 0.547423887587822 0.125 0.04800936768149883
