1 0.8641209335856539 0.05931783364873389 0.11996936108858268 0.11863566729746779
1 0.9294313778498693 0.17078940254122735 0.10405515004055146 0.1897810218978102
1 0.9403802829593584 0.4170045958367126 0.10300982247454263 0.15450121654501217
1 0.9049608002162747 0.35194196629719743 0.11077768766333249 0.17058664503919974
1 0.9573893845183382 0.5804046138596017 0.08522123096332361 0.17162296116067413
1 0.8617013607281248 0.5155222132107776 0.08546453996575648 0.09552131206632418
1 0.5015094169595387 0.02178516716229611 0.07114535460034249 0.04357033432459222
1 0.516252140218077 0.09840497431738307 0.05414977020816431 0.06398125619536814
1 0.5616788321167884 0.19293502748490582 0.07061367937280351 0.08646481030909255
1 0.597792196089033 0.2403126971253492 0.06206181850950709 0.08493286473821757
1 0.5837253311705866 0.2999008741101199 0.07247904839145716 0.10840767775074342
1 0.5806794629179057 0.3615166261151662 0.06663963233306305 0.07538073353158521
1 0.8170045958367126 0.24010993962332164 0.10820041452644853 0.1656303505451924
1 0.7543660448769938 0.6333693791114715 0.08042714247093806 0.1305758313057585
6 0.6241506713526177 0.5133594665224837 0.1302424078579797 0.17130756060196445
6 0.40432549337658824 0.3284671532846715 0.07694872488059833 0.09520591150761465
2 0.8207128052626836 0.0980895737586735 0.04809407948094076 0.0236550419032171
2 0.8438857348833018 0.11976209786428764 0.07167702982788147 0.04032621429215104
2 0.8348021987924663 0.14202036586464808 0.0616923492835903 0.03144994142561052
2 0.8349508876272866 0.16759033973145895 0.06670271244480487 0.0364963503649635
2 0.8350635306839687 0.19194376858610435 0.08026493646931615 0.04307470487519147
2 0.8222492565558259 0.33491033612688115 0.07160493827160494 0.037893124267820134
2 0.8239208795169867 0.3707758853744255 0.06784716590069408 0.034108317563305436
2 0.8067585834009192 0.42865188789763 0.06670271244480487 0.0364963503649635
2 0.8130125259079031 0.47530864197530864 0.06061998738397763 0.03627106425159949
2 0.7865774533657744 0.5079525998017482 0.06290889429575575 0.031494998648283354
2 0.7887131657204651 0.5389294403892944 0.05797062269081742 0.028881679733261268
2 0.7808641975308643 0.5617509236730648 0.0567180319005137 0.027620077498422987
2 0.7774353428854645 0.589889159232225 0.05929530503739766 0.03257637199243045
2 0.7859421465260882 0.6303730738037309 0.07160493827160494 0.03789312426782027
2 0.7837208254483193 0.6992655672704334 0.0570424439037578 0.038568982607912035
2 0.7825132918806885 0.6585113093628909 0.06419753086419745 0.033973145895286945
2 0.7131522032981888 0.742678201315671 0.05439307921059759 0.031179598089573678
2 0.7301162476344958 0.8425250067585834 0.05292421375146429 0.022618725781742833
2 0.7556817157790394 0.9243939803550509 0.05925925925925939 0.031359826980264995
0 0.6297783184644498 0.8060511850049562 0.11155267189330434 0.11471568892493468
0 0.43062088852843106 0.4760746147607462 0.0716139497161395 0.07921059745877261
0 0.41100297377669637 0.43052176263855096 0.06424258808687042 0.07650716409840501
0 0.3339371001171488 0.29575560962422276 0.05160854284941876 0.0602415067135262
0 0.313963233306299 0.2587411011985221 0.048995223934396676 0.05406866720735336
0 0.3828151752725962 0.38345949355681713 0.05905199603496451 0.06537803009822477
0 0.35659637739929706 0.3411958186897359 0.049175452825087854 0.06015139226818061
4 0.48373884833738845 0.7274263314409298 0.10100027034333606 0.12769216905469957
4 0.4385284311075065 0.6401955483463999 0.08847436244029919 0.11507614670631704
4 0.3963954221861764 0.5540686672073534 0.07952599801748228 0.10016220600162197
4 0.35807425430296475 0.4732810669550329 0.07043345048211218 0.08038208524826537
4 0.31794629179057404 0.3931693250428044 0.060520861494097536 0.07393890240605575
0 0.585180679462918 0.739501667117239 0.09626926196269261 0.09106064702171744
0 0.5518338289627828 0.6621834730107236 0.10403712715148233 0.10714607551590527
0 0.5115797062269082 0.5778138235559159 0.08550058574389474 0.09673785707848963
0 0.4638010273046769 0.5272145624943678 0.07197440749752174 0.09137604758042711
0 0.2792781832927818 0.19791385059024963 0.07558799675587996 0.09029467423628008
6 0.7034649004235379 0.06053437866089934 0.19281787870595662 0.12106875732179868
4 0.2926556727043345 0.34112823285572674 0.07054158781652697 0.08403172028476172
4 0.2707488510408218 0.300531675227539 0.07397494818419388 0.0768676218797873
4 0.2624448049022258 0.2874425520410922 0.06589168243669462 0.09115076146706323
6 0.31280075696134096 0.17840407317292964 0.06964945480760562 0.09493556817157787
6 0.25496080021627465 0.09651257096512572 0.05665495178877174 0.06650446066504463
