6 0.5028089887640449 0.4954582747304267 0.06179775280898876 0.06616268166901072
6 0.49297752808988765 0.44936708860759494 0.05898876404494382 0.069268635724332
2 0.6446629213483146 0.35205696202531644 0.05337078651685393 0.018518518518518504
2 0.6446629213483146 0.3204113924050633 0.0449438202247191 0.012013595874355394
2 0.6474719101123596 0.3086029067041725 0.03651685393258427 0.013420065635255485
2 0.625 0.41572902015939994 0.05337078651685393 0.020100796999531163
2 0.6095505617977528 0.46524847632442573 0.05898876404494382 0.018635724331926944
2 0.6081460674157303 0.4849976558837318 0.06179775280898876 0.015529770276605665
2 0.574438202247191 0.5998007501172058 0.0449438202247191 0.015178152836380712
2 0.46629213483146065 0.628398968588842 0.042134831460674156 0.010372714486638518
2 0.5070224719101124 0.6672233942803564 0.03932584269662921 0.010314111579934298
2 0.5 0.6773616971401781 0.047752808988764044 0.013654477262072091
