6 0.35625 0.4666666666666667 0.1234375 0.12777777777777777
6 0.44296875 0.4777777777777778 0.115625 0.1361111111111111
6 0.5484375 0.49583333333333335 0.1078125 0.1388888888888889
6 0.65546875 0.4888888888888889 0.10625 0.1388888888888889
6 0.7828125 0.49722222222222223 0.09375 0.14722222222222223
6 0.92265625 0.5375 0.121875 0.1388888888888889
2 0.09453125 0.4166666666666667 0.015625 0.05555555555555555
2 0.08046875 0.41388888888888886 0.0171875 0.05277777777777778
2 0.06328125 0.41388888888888886 0.0140625 0.05277777777777778
2 0.04765625 0.4125 0.0171875 0.05
2 0.03125 0.4111111111111111 0.0140625 0.05277777777777778
2 0.01796875 0.4111111111111111 0.0171875 0.04722222222222222
