8 0.1801470588235294 0.5020833333333333 0.15808823529411764 0.04791666666666667
8 0.11580882352941177 0.4822916666666667 0.15073529411764705 0.052083333333333336
8 0.33455882352941174 0.471875 0.14338235294117646 0.05416666666666667
8 0.2867647058823529 0.46145833333333336 0.125 0.041666666666666664
8 0.47058823529411764 0.45 0.11764705882352941 0.041666666666666664
8 0.5827205882352942 0.4354166666666667 0.10661764705882353 0.0375
1 0.5698529411764706 0.6677083333333333 0.11764705882352941 0.04375
1 0.6194852941176471 0.65625 0.11764705882352941 0.04791666666666667
1 0.7352941176470589 0.6208333333333333 0.11764705882352941 0.03958333333333333
1 0.8014705882352942 0.590625 0.08455882352941177 0.03125
1 0.8290441176470589 0.58125 0.09191176470588236 0.03125
1 0.6783088235294118 0.9364583333333333 0.16544117647058823 0.09375
8 0.03125 0.5041666666666667 0.0625 0.05625
8 0.41360294117647056 0.43645833333333334 0.07352941176470588 0.016666666666666666
8 0.6672794117647058 0.42916666666666664 0.0661764705882353 0.03333333333333333
8 0.7334558823529411 0.4114583333333333 0.08455882352941177 0.035416666666666666
8 0.8106617647058824 0.40625 0.07720588235294118 0.035416666666666666
8 0.8676470588235294 0.396875 0.051470588235294115 0.029166666666666667
8 0.6360294117647058 0.409375 0.08823529411764706 0.014583333333333334
8 0.5220588235294118 0.42291666666666666 0.07352941176470588 0.016666666666666666
8 0.9503676470588235 0.3854166666666667 0.0661764705882353 0.029166666666666667
