0 0.665625 0.2965277777777778 0.1546875 0.25
2 0.4453125 0.27152777777777776 0.02421875 0.11805555555555555
2 0.4546875 0.25555555555555554 0.0203125 0.12222222222222222
2 0.535546875 0.14166666666666666 0.0125 0.058333333333333334
2 0.656640625 0.12986111111111112 0.021875 0.08194444444444444
2 0.7484375 0.3326388888888889 0.03125 0.14583333333333334
2 0.6734375 0.7388888888888889 0.078125 0.25972222222222224
1 0.841015625 0.7743055555555556 0.31796875 0.3125
1 0.57421875 0.20277777777777778 0.1359375 0.09722222222222222
1 0.5453125 0.12777777777777777 0.1078125 0.07916666666666666
