2 0.10582386363636363 0.840625 0.05823863636363636 0.05859375
2 0.10298295454545454 0.61328125 0.03835227272727273 0.04453125
2 0.06960227272727272 0.55234375 0.02556818181818182 0.03359375
2 0.140625 0.5859375 0.03125 0.0375
2 0.14701704545454544 0.646484375 0.03551136363636364 0.04140625
2 0.17329545454545456 0.63984375 0.041193181818181816 0.0390625
2 0.036931818181818184 0.490625 0.03125 0.03359375
2 0.06392045454545454 0.4859375 0.03409090909090909 0.02890625
2 0.13494318181818182 0.483203125 0.03409090909090909 0.028125
2 0.11363636363636363 0.519921875 0.028409090909090908 0.034375
2 0.09375 0.5015625 0.029829545454545456 0.02890625
2 0.25 0.599609375 0.029829545454545456 0.0359375
2 0.22869318181818182 0.575 0.03551136363636364 0.0328125
2 0.2471590909090909 0.466796875 0.029829545454545456 0.028125
2 0.26704545454545453 0.524609375 0.03977272727272727 0.0375
2 0.30326704545454547 0.5140625 0.029829545454545456 0.0328125
2 0.31889204545454547 0.510546875 0.028409090909090908 0.03515625
2 0.34517045454545453 0.49140625 0.029829545454545456 0.03203125
2 0.359375 0.479296875 0.024147727272727272 0.0296875
2 0.5227272727272727 0.545703125 0.03125 0.0375
2 0.5568181818181818 0.559765625 0.029829545454545456 0.040625
2 0.6732954545454546 0.5890625 0.03835227272727273 0.0453125
2 0.6711647727272727 0.539453125 0.04403409090909091 0.0375
2 0.6832386363636364 0.509765625 0.032670454545454544 0.03359375
2 0.6392045454545454 0.654296875 0.041193181818181816 0.04921875
2 0.5859375 0.678125 0.048295454545454544 0.05078125
2 0.5752840909090909 0.749609375 0.03835227272727273 0.053125
2 0.4737215909090909 0.75703125 0.04971590909090909 0.05625
2 0.515625 0.790234375 0.041193181818181816 0.05234375
2 0.44957386363636365 0.842578125 0.05539772727272727 0.06171875
2 0.3025568181818182 0.815625 0.046875 0.05703125
2 0.265625 0.83671875 0.03977272727272727 0.05703125
2 0.36079545454545453 0.941015625 0.07528409090909091 0.065625
2 0.4708806818181818 0.903515625 0.05965909090909091 0.0625
2 0.5475852272727273 0.8859375 0.07954545454545454 0.06015625
2 0.6349431818181818 0.912890625 0.05397727272727273 0.065625
2 0.7393465909090909 0.979296875 0.08238636363636363 0.04140625
2 0.6889204545454546 0.93671875 0.041193181818181816 0.0546875
2 0.7201704545454546 0.844921875 0.061079545454545456 0.06328125
2 0.6342329545454546 0.850390625 0.05397727272727273 0.06328125
2 0.6484375 0.82265625 0.052556818181818184 0.06015625
2 0.7400568181818182 0.76640625 0.056818181818181816 0.05703125
2 0.703125 0.69765625 0.045454545454545456 0.046875
2 0.8096590909090909 0.96171875 0.05113636363636364 0.05703125
2 0.8416193181818182 0.890625 0.0625 0.0640625
2 0.9488636363636364 0.953125 0.052556818181818184 0.0625
2 0.9147727272727273 0.92109375 0.052556818181818184 0.0609375
2 0.9169034090909091 0.8296875 0.05539772727272727 0.05859375
2 0.96875 0.821484375 0.061079545454545456 0.0609375
2 0.9375 0.78515625 0.048295454545454544 0.03671875
2 0.7798295454545454 0.66640625 0.05823863636363636 0.06015625
2 0.8963068181818182 0.655859375 0.03125 0.05078125
2 0.953125 0.6515625 0.04261363636363636 0.0484375
2 0.9204545454545454 0.62578125 0.03835227272727273 0.04609375
2 0.8025568181818182 0.597265625 0.05823863636363636 0.04296875
2 0.8409090909090909 0.4984375 0.036931818181818184 0.0375
1 0.9396306818181818 0.5234375 0.12073863636363637 0.0453125
