0 0.2769396551724138 0.5831367924528302 0.21982758620689655 0.07900943396226415
0 0.8577586206896551 0.5023584905660378 0.1724137931034483 0.05778301886792453
2 0.40301724137931033 0.5872641509433962 0.034482758620689655 0.04363207547169811
2 0.43103448275862066 0.5772405660377359 0.04310344827586207 0.05070754716981132
2 0.375 0.566627358490566 0.03017241379310345 0.02358490566037736
2 0.7230603448275862 0.49056603773584906 0.02586206896551724 0.041273584905660375
2 0.75 0.49233490566037735 0.017241379310344827 0.045990566037735846
2 0.8879310344827587 0.4227594339622642 0.021551724137931036 0.036556603773584904
2 0.9127155172413793 0.4251179245283019 0.021551724137931036 0.04481132075471698
2 0.8394396551724138 0.392688679245283 0.021551724137931036 0.024764150943396228
2 0.7737068965517241 0.38443396226415094 0.03017241379310345 0.03419811320754717
2 0.6691810344827587 0.3755896226415094 0.01939655172413793 0.0294811320754717
2 0.634698275862069 0.3720518867924528 0.01939655172413793 0.03773584905660377
2 0.5258620689655172 0.3584905660377358 0.021551724137931036 0.02830188679245283
