8 0.20955882352941177 0.42291666666666666 0.09926470588235294 0.04375
8 0.38786764705882354 0.45625 0.11397058823529412 0.052083333333333336
8 0.5073529411764706 0.484375 0.11764705882352941 0.05416666666666667
1 0.5698529411764706 0.5083333333333333 0.07352941176470588 0.035416666666666666
8 0.6801470588235294 0.5166666666666667 0.14338235294117646 0.06041666666666667
4 0.7665441176470589 0.5427083333333333 0.12867647058823528 0.05625
4 0.8602941176470589 0.5697916666666667 0.13970588235294118 0.058333333333333334
8 0.6930147058823529 0.4375 0.3014705882352941 0.06666666666666667
1 0.7922794117647058 0.9083333333333333 0.19117647058823528 0.0875
1 0.9613970588235294 0.9166666666666666 0.07720588235294118 0.08541666666666667
8 0.30514705882352944 0.440625 0.09926470588235294 0.0625
4 0.9522058823529411 0.5927083333333333 0.09558823529411764 0.07708333333333334
6 0.06433823529411764 0.4 0.12867647058823528 0.04583333333333333
