6 0.5161821147572443 0.6109268035808321 0.23741124544233352 0.3776373529928031
6 0.6163116484360007 0.41347200280849566 0.13240260986374983 0.20140424784974548
6 0.6880349261178277 0.3088292083552747 0.07995586259834951 0.12039670001755313
2 0.5388169257340242 0.36551693873968755 0.01855689886777974 0.05311567491662276
2 0.5227115716753022 0.3770581007547832 0.01733832277873739 0.06252413550991742
2 0.4859671848013816 0.40038616815868 0.016062176165803226 0.06482359136387572
2 0.4342976396085204 0.4209671757065122 0.018672039915563217 0.06733368439529575
2 0.35060928804452124 0.4883271897489907 0.02006332757628086 0.07925223802001057
2 0.33140951832661675 0.5178163945936458 0.024026098637497578 0.08894154818325427
2 0.29134043369794665 0.530656485869756 0.024064478986758786 0.09368088467614527
2 0.31465649587411243 0.529392662804985 0.024026098637497578 0.08894154818325427
2 0.27129149875263864 0.535299280322977 0.022769142199194018 0.09361067228365808
2 0.25775762809441566 0.5443303493066526 0.024064478986758786 0.09368088467614527
2 0.2461859527921704 0.5556257679480429 0.025379005948954158 0.0961207653150781
2 0.2134427173287277 0.5929612076531509 0.0293417770101708 0.1058100754783218
2 0.18159662252926503 0.6610672283658066 0.03726731913260409 0.12518869580480949
2 0.07880924966417195 0.6903457960329997 0.03202840145845329 0.11779884149552396
2 0.13226827864133564 0.6507021239248728 0.030713874496257912 0.11535896085659113
2 0.10055171752062944 0.6547919957872563 0.026789483784302442 0.11040898718623841
2 0.026635962387257725 0.7287344216254169 0.02564766839378238 0.12929612076531508
0 0.255766647476492 0.8585571353343866 0.45544041450777195 0.2804985079866598
2 0.5008155824218 0.3936545550289626 0.016081366340433684 0.06719325961032122
2 0.059739013625023984 0.6558188520273829 0.029418537708693147 0.11528874846410407
2 0.1107033199002111 0.6281639459364579 0.0215697562847822 0.1053888011233981
