1 0.8376412429378531 0.8042967438737831 0.32471751412429367 0.39140651225243367
2 0.6711581920903955 0.6803177800156652 0.08222222222222234 0.24874118831822753
2 0.6091525423728813 0.649546827794562 0.08152542372881341 0.25467159001902206
2 0.5648964218455744 0.7378035134832718 0.06885122410546146 0.1867517063891687
2 0.5624576271186441 0.8263119615083361 0.049284369114877595 0.1134049457312298
2 0.4958286252354049 0.7625601432247958 0.0826553672316384 0.23223676849054495
2 0.5404708097928437 0.7744768938122413 0.06344632768361592 0.20711648204095331
2 0.5678154425612053 0.17735257916526798 0.10928436911487756 0.21617992614971468
2 0.6578342749529191 0.16289023162134947 0.07838041431261784 0.09466263846928502
2 0.09389830508474575 0.44601096564842785 0.07436911487758946 0.23867069486404835
1 0.40352165725047084 0.49893700346872555 0.4199435028248587 0.48002685464921124
