2 0.6148366013071895 0.680131421744325 0.18925925925925924 0.08115890083632005
2 0.6386928104575164 0.5961648745519714 0.15087145969498914 0.06878136200716838
2 0.4274945533769063 0.41442054958183994 0.19511982570806097 0.07971326164874551
2 0.4424400871459695 0.3237514934289128 0.14782135076252717 0.06063321385902034
2 0.31867102396514163 0.3024970131421744 0.13627450980392158 0.0764277180406212
2 0.20101307189542486 0.4071744324970132 0.16856209150326795 0.07250896057347665
2 0.25618736383442264 0.5740023894862605 0.14795206971677563 0.07031063321385905
2 0.08450980392156864 0.37967741935483873 0.10660130718954247 0.05623655913978496
2 0.02833333333333334 0.6828016726403823 0.038932461873638344 0.052700119474312974
2 0.42547930283224406 0.26522700119474313 0.1276252723311546 0.08908004778972514
