2 0.33922480620155043 0.30178117048346054 0.044031007751937995 0.03753651870700217
2 0.34751937984496123 0.3384695127697673 0.04465116279069765 0.042625577231175125
2 0.2792248062015504 0.4132221279803977 0.0421705426356589 0.04131561587032329
2 0.23069767441860461 0.4971774573555744 0.036899224806201565 0.036151163886532826
2 0.3024031007751938 0.5372820657807935 0.04837209302325584 0.035067382904533026
2 0.4078294573643411 0.5673169352558666 0.03612403100775187 0.029789840731316544
2 0.4597674418604651 0.5982188295165394 0.028837209302325528 0.02713222127980402
2 0.4493023255813953 0.6460041466402789 0.026201550387596865 0.024549995287908785
2 0.38217054263565886 0.6635990952784847 0.02124031007751936 0.021930072566205123
2 0.29007751937984494 0.7050890585241731 0.02620155038759693 0.024549995287908785
2 0.24341085271317828 0.7261615304872303 0.023565891472868198 0.021967769296013552
2 0.1525581395348837 0.7574733766845726 0.020930232558139535 0.01938554330411832
1 0.04054263565891473 0.6153519932145886 0.08108527131782946 0.0473847893695223
