6 0.6128367003367003 0.5547536633206416 0.0644716394716394 0.1744663666782047
6 0.5629791504791505 0.5846140533056421 0.06355218855218854 0.17288565824391386
8 0.017129629629629627 0.8863793700242298 0.03425925925925925 0.16175147109726548
6 0.42874255374255377 0.5530114226375908 0.08600751100751099 0.16413984077535473
6 0.22760619010619013 0.610834198684666 0.07409997409997404 0.14514826352832588
6 0.2503075628075628 0.7626398984654437 0.07914400414400412 0.07835467866620499
6 0.1534414659414659 0.8146417445482866 0.058592333592333616 0.15252105688242767
8 0.053231028231028224 0.846290527287412 0.04805749805749805 0.1506865120572284
6 0.8030011655011655 0.18253721010730356 0.07632737632737625 0.10162686050536517
6 0.7911454286454287 0.3194011768778124 0.0851916601916601 0.13610245759778464
