1 0.29715902846466646 0.19291666666666665 0.4546763380591274 0.16333333333333333
1 0.8495384108143753 0.3275 0.29417518408616344 0.14333333333333334
1 0.5771898010770414 0.3908333333333333 0.3055500604462028 0.10583333333333333
1 0.5283108033849874 0.44083333333333335 0.3544895043411363 0.10416666666666667
1 0.4212605780855039 0.4579166666666667 0.3410264864270799 0.09583333333333334
1 0.24741729860424225 0.47708333333333336 0.28902077151335315 0.09
1 0.14247444774151005 0.48625 0.2849488954830201 0.085
1 0.20398395428069016 0.5641666666666667 0.18929552698098695 0.06583333333333333
2 0.6150401142982745 0.5020833333333333 0.06609517529398833 0.06166666666666667
2 0.2903890537421695 0.5375 0.05561050664908229 0.05416666666666667
