6 0.7370283018867925 0.4838362068965517 0.38797169811320753 0.3168103448275862
6 0.4357311320754717 0.3728448275862069 0.4693396226415094 0.35560344827586204
2 0.21992924528301888 0.27262931034482757 0.02240566037735849 0.08620689655172414
2 0.27240566037735847 0.14655172413793102 0.01768867924528302 0.08620689655172414
2 0.2505896226415094 0.10991379310344827 0.01768867924528302 0.07974137931034483
2 0.22641509433962265 0.10991379310344827 0.020047169811320754 0.07758620689655173
2 0.28950471698113206 0.10237068965517242 0.015330188679245283 0.07327586206896551
2 0.10731132075471699 0.23922413793103448 0.02240566037735849 0.07543103448275862
2 0.14858490566037735 0.16594827586206898 0.02122641509433962 0.08189655172413793
2 0.030070754716981132 0.24245689655172414 0.025943396226415096 0.09482758620689655
2 0.11910377358490566 0.05064655172413793 0.018867924528301886 0.07543103448275862
