1 0.090394656952034 0.5450017979144193 0.08613236187006677 0.11197411003236239
1 0.1825136612021858 0.5638439410284071 0.08938676381299332 0.11143473570658041
1 0.17636308439587126 0.6028766630708378 0.09489981785063756 0.11409564904710531
2 0.09575591985428052 0.5810679611650486 0.019465695203400142 0.059654800431499365
1 0.24411657559198544 0.5615426105717368 0.07505768063145116 0.10471053577849683
8 0.5126108075288404 0.8126393383674937 0.20639951426836678 0.26037396619920894
8 0.7366180935033393 0.8281553398058252 0.21179113539769265 0.17108953613807978
8 0.6918032786885245 0.7363178712693276 0.0830479659987856 0.1628550880978067
8 0.835130540376442 0.7547105357784969 0.06745598057073461 0.14919093851132695
8 0.7938433515482696 0.6633764832793959 0.05545840922890112 0.10503416037396623
8 0.7369398907103825 0.6519956850053937 0.06287795992714022 0.11859043509528935
2 0.7923315118397086 0.7129270046745775 0.019392835458409318 0.056742179072276064
2 0.43374013357619917 0.6778676734987414 0.01666059502125085 0.05638259618842149
2 0.41543412264723745 0.6802768788205682 0.018992106860959274 0.062495505213951884
8 0.8644505160898603 0.6168284789644012 0.06006071645415929 0.09306005034160363
8 0.8224225865209471 0.48978784609852566 0.0379356405585915 0.07950377562028049
8 0.7584153005464481 0.5664329377921611 0.05860352155434127 0.12189859762675306
