2 0.7943894389438944 0.8960437710437711 0.07986798679867983 0.06515151515151503
2 0.79009900990099 0.8196408529741863 0.06815181518151808 0.12199775533108871
2 0.8679042904290429 0.7420875420875421 0.08358085808580855 0.14102132435465767
2 0.79496699669967 0.7273007856341188 0.04892739273927389 0.10011223344556663
2 0.7710808580858085 0.6463804713804714 0.07095709570957115 0.1323232323232324
2 0.7530940594059405 0.5737373737373737 0.06815181518151808 0.12199775533108871
2 0.7797442244224422 0.45676206509539846 0.06476897689768996 0.1317620650953985
2 0.7096534653465347 0.4492704826038159 0.06262376237623751 0.14163860830527486
2 0.6851897689768977 0.38602693602693605 0.05107260726072605 0.12800224466891127
2 0.6813943894389438 0.3133557800224467 0.06122112211221126 0.13647586980920315
2 0.6687293729372936 0.24778338945005612 0.053382838283828234 0.12317620650953982
2 0.6450907590759076 0.19705387205387204 0.06163366336633658 0.14910213243546577
2 0.6067244224422442 0.14388327721661057 0.053712871287128684 0.13327721661054998
2 0.5723184818481848 0.08280022446689114 0.055198019801980226 0.1409652076318743
2 0.5648102310231023 0.042003367003367 0.0393564356435643 0.084006734006734
2 0.5378300330033003 0.02946127946127946 0.04298679867986801 0.05892255892255892
2 0.3787128712871287 0.1733726150392817 0.044884488448844864 0.12744107744107744
