6 0.3380208333333333 0.6833333333333333 0.1390625 0.12314814814814815
2 0.15208333333333332 0.7925925925925926 0.016145833333333335 0.04259259259259259
2 0.15520833333333334 0.6949074074074074 0.008333333333333333 0.028703703703703703
2 0.20208333333333334 0.7935185185185185 0.016145833333333335 0.05462962962962963
2 0.228125 0.7638888888888888 0.013541666666666667 0.05092592592592592
2 0.30364583333333334 0.8092592592592592 0.015625 0.04814814814814815
2 0.3502604166666667 0.7541666666666667 0.01875 0.02962962962962963
2 0.36744791666666665 0.7564814814814815 0.016145833333333335 0.049074074074074076
2 0.26145833333333335 0.7347222222222223 0.0125 0.046296296296296294
2 0.31927083333333334 0.7648148148148148 0.021354166666666667 0.04259259259259259
2 0.24348958333333334 0.7819444444444444 0.016666666666666666 0.03981481481481482
