2 0.061563471868815375 0.14326774691358024 0.12312694373763075 0.2604938271604938
2 0.059245122985580996 0.2372878086419753 0.09474130619168787 0.2127121913580247
2 0.13142493638676844 0.2606095679012346 0.09454339836019224 0.3789737654320988
2 0.09174441617189709 0.5317708333333333 0.07919140514560362 0.1980709876543211
2 0.1407124681933842 0.5669849537037037 0.10884930732258975 0.33632330246913583
2 0.23152389030251624 0.5544367283950616 0.08956743002544526 0.266724537037037
2 0.2376731693525587 0.7116994598765433 0.09510884930732263 0.2880979938271606
2 0.31430590896239746 0.6767650462962963 0.0661860333616059 0.3006172839506173
2 0.39238054848741877 0.8103395061728396 0.08425219112242006 0.2557677469135804
2 0.5335736499858638 0.7679012345679013 0.08928470455188002 0.2537037037037037
2 0.6267034209782302 0.766039737654321 0.12524738478936953 0.2731095679012346
2 0.6065168221656773 0.8965470679012345 0.12536047497879554 0.2069058641975309
2 0.7040571105456602 0.841893325617284 0.14407690132880982 0.31621334876543195
2 0.71980491942324 0.9040943287037037 0.11622844218264072 0.1918113425925926
2 0.8031099802092168 0.969603587962963 0.09575911789652246 0.06079282407407405
2 0.9080152671755726 0.7306423611111111 0.0899067005937233 0.282349537037037
2 0.5893412496465932 0.16695601851851852 0.14447271699180095 0.2231867283950617
