2 0.9331683168316832 0.07182940516273849 0.13366336633663367 0.14365881032547698
2 0.9230748074807481 0.12267115600448933 0.12819948661532835 0.24534231200897866
2 0.8625412541254126 0.1582631874298541 0.09920242024202422 0.3165263748597082
2 0.9118811881188118 0.395679012345679 0.08731206453978757 0.27749719416386087
2 0.8435368536853686 0.4398428731762065 0.09915658232489927 0.3062850729517396
2 0.7766822515584892 0.4205948372615039 0.10901173450678424 0.2567901234567901
2 0.7638888888888888 0.5761503928170595 0.09239090575724247 0.28299663299663297
2 0.6835900256692337 0.5404040404040404 0.09928492849284923 0.31133557800224465
2 0.6075907590759075 0.6738496071829405 0.09571873854052078 0.2681818181818183
2 0.4738494682801614 0.6340909090909091 0.10619728639530615 0.2918069584736251
2 0.38346167950128346 0.6650673400673401 0.16261459479281257 0.27676767676767683
2 0.4052576090942428 0.8149551066217732 0.1405298863219655 0.2823232323232322
2 0.3100843417675101 0.755246913580247 0.1454162082874954 0.2802469135802469
2 0.2973918225155849 0.8171436588103254 0.11526402640264026 0.25987654320987635
2 0.21961862852951963 0.9051907968574634 0.09426109277594429 0.1622334455667791
2 0.3998120645397873 0.08449775533108866 0.1547579757975798 0.16899551066217733
2 0.10970847084708471 0.6316778900112233 0.09226255958929228 0.2779461279461281
