6 0.7479508196721312 0.14002267573696145 0.07049180327868852 0.07116942014901198
8 0.7540983606557377 0.2221412374473599 0.04918032786885246 0.0753158406219631
8 0.7995901639344263 0.24104308390022675 0.05327868852459016 0.08584386135406548
1 0.7881147540983606 0.21681243926141888 0.027868852459016394 0.054680919987042366
8 0.5881147540983607 0.32199546485260777 0.10245901639344263 0.12180110139293811
8 0.45368852459016396 0.4447521865889213 0.12049180327868853 0.054713313896987324
8 0.565983606557377 0.41354065435698084 0.036885245901639344 0.06268221574344024
8 0.5831967213114754 0.43530936183997404 0.031967213114754096 0.049173955296404295
8 0.6008196721311475 0.4410754778101717 0.030327868852459017 0.0519598315516682
1 0.6381147540983606 0.44839650145772597 0.022950819672131147 0.035341755749919136
8 0.7663934426229508 0.502996436669906 0.03278688524590164 0.04632329122125048
6 0.5254098360655738 0.41179138321995473 0.03278688524590164 0.043407839326206746
6 0.41188524590163933 0.4115646258503402 0.036065573770491806 0.039293812763200466
6 0.6795081967213115 0.4669744088111435 0.031967213114754096 0.03313896987366377
6 0.7016393442622951 0.47819889860706194 0.029508196721311476 0.032944606413994035
6 0.715983606557377 0.48443472627146095 0.02622950819672131 0.026854551344347256
6 0.7307377049180328 0.48705863297700036 0.027049180327868853 0.0298347910592809
6 0.7532786885245901 0.49685779073534175 0.029508196721311476 0.03440233236151607
6 0.8622950819672132 0.5615970197602851 0.02459016393442623 0.028182701652089297
8 0.8467213114754099 0.5742144476838354 0.03114754098360656 0.035989633948817594
8 0.6926229508196722 0.6261742792355037 0.031967213114754096 0.03751214771622937
8 0.6401639344262295 0.6147392290249433 0.020491803278688523 0.03223194039520567
8 0.6586065573770492 0.6191124068675089 0.056557377049180325 0.0598639455782312
6 0.5700819672131148 0.633981211532232 0.027049180327868853 0.025461613216715303
6 0.5262295081967213 0.633430515063168 0.027049180327868853 0.026919339164237166
8 0.4959016393442623 0.591674765144153 0.027049180327868853 0.0385811467444121
8 0.4471311475409836 0.589277615808228 0.02459016393442623 0.038386783284742355
8 0.47704918032786886 0.6193391642371234 0.06885245901639345 0.036054421768707504
8 0.3889344262295082 0.5103336572724327 0.09344262295081968 0.06569484936831867
8 0.37581967213114753 0.6062358276643991 0.07622950819672131 0.051214771622934877
8 0.40409836065573773 0.5844185293164885 0.019672131147540985 0.03362487852283762
8 0.3122950819672131 0.5589407191448008 0.021311475409836064 0.03229672821509558
8 0.27049180327868855 0.5490767735665695 0.022131147540983605 0.041107871720116686
8 0.22909836065573772 0.5297700032393909 0.01639344262295082 0.04065435698088763
8 0.20737704918032787 0.5316974408811143 0.018852459016393444 0.03939099449303517
8 0.11926229508196722 0.4686103012633625 0.05819672131147541 0.04541626174279237
0 0.5225409836065574 0.5697278911564626 0.02459016393442623 0.03109815354713303
0 0.045081967213114756 0.46347586653709105 0.051639344262295085 0.05510204081632646
8 0.075 0.49718172983479103 0.020491803278688523 0.042436022027858726
8 0.022131147540983605 0.5542274052478134 0.04426229508196721 0.07201166180758015
6 0.012704918032786885 0.5629575639779721 0.02459016393442623 0.042759961127307955
8 0.20778688524590164 0.7372691933916423 0.018032786885245903 0.026206673145448795
2 0.5819672131147541 0.5540168448331714 0.006557377049180328 0.02092646582442509
2 0.5528688524590164 0.6020084224165857 0.004098360655737705 0.020732102364755353
2 0.5438524590163935 0.6071266601878846 0.004918032786885246 0.017881438289601533
2 0.5209016393442623 0.6074991901522513 0.003278688524590164 0.016294136702299844
2 0.5180327868852459 0.5941528992549401 0.003278688524590164 0.016294136702300007
2 0.5147540983606558 0.5924360220278587 0.005737704918032787 0.022319403952057042
2 0.5135245901639345 0.6112892776158082 0.004098360655737705 0.020732102364755353
2 0.5102459016393442 0.6401846452866861 0.004098360655737705 0.02218982831227722
2 0.43401639344262294 0.5226433430515063 0.004918032786885246 0.032458697764820195
2 0.42745901639344264 0.5337868480725624 0.007377049180327869 0.02244897959183687
2 0.25245901639344265 0.5483803045027534 0.007377049180327869 0.025364431486880598
1 0.26229508196721313 0.700032393909945 0.01639344262295082 0.018788467768059643
