2 0.34665523156089195 0.4702967493487371 0.07986786099993647 0.265522709253596
2 0.3985452004319929 0.598844716275909 0.07355949431421123 0.24709480122324162
2 0.3651483387332444 0.7055782081775965 0.07587827965186449 0.2318382602786273
2 0.4302649132837812 0.7008947785706195 0.06548503906994478 0.22558613659531085
2 0.42744107744107745 0.2987031373881527 0.10350676577091669 0.29488050741873373
2 0.4125246172415984 0.4334862385321101 0.05730893844101389 0.19796126401630992
2 0.49907566228320943 0.27328689545814927 0.09240200749634704 0.245814928077925
2 0.574467949939648 0.44817080077018917 0.13641445905596852 0.21123570053233662
2 0.6543675751222922 0.4555272397780043 0.08882536052347363 0.2885717521803149
1 0.4408042691061559 0.8705176124136369 0.36260720411663805 0.2524408200249178
1 0.8394050568578871 0.808619322686601 0.3211898862842258 0.30243515686940775
