8 0.4675707547169811 0.80625 0.27712264150943394 0.2125
8 0.19398584905660377 0.5625 0.1804245283018868 0.12916666666666668
8 0.37264150943396224 0.41458333333333336 0.1875 0.12291666666666666
8 0.3295990566037736 0.3260416666666667 0.12853773584905662 0.08958333333333333
8 0.5689858490566038 0.409375 0.18867924528301888 0.11458333333333333
8 0.6415094339622641 0.5479166666666667 0.2099056603773585 0.12708333333333333
8 0.7258254716981132 0.321875 0.1332547169811321 0.08958333333333333
8 0.9534198113207547 0.321875 0.09316037735849056 0.09166666666666666
8 0.9286556603773585 0.6958333333333333 0.14268867924528303 0.16041666666666668
2 0.10318396226415094 0.3927083333333333 0.015330188679245283 0.04791666666666667
