6 0.3888888888888889 0.50625 0.11666666666666667 0.0296875
6 0.3138888888888889 0.496875 0.125 0.0265625
2 0.059722222222222225 0.51015625 0.025 0.025
2 0.08611111111111111 0.5765625 0.025 0.028125
2 0.1375 0.5765625 0.030555555555555555 0.0265625
2 0.24444444444444444 0.56953125 0.025 0.028125
2 0.49722222222222223 0.553125 0.027777777777777776 0.0203125
2 0.5277777777777778 0.54921875 0.022222222222222223 0.028125
2 0.625 0.49453125 0.013888888888888888 0.0171875
2 0.6486111111111111 0.54765625 0.016666666666666666 0.025
2 0.6736111111111112 0.525 0.022222222222222223 0.021875
2 0.7027777777777777 0.51875 0.011111111111111112 0.0203125
2 0.6902777777777778 0.5203125 0.016666666666666666 0.021875
2 0.7888888888888889 0.5453125 0.022222222222222223 0.0234375
2 0.8333333333333334 0.54453125 0.016666666666666666 0.021875
2 0.8819444444444444 0.5421875 0.025 0.0234375
