6 0.30260597947344936 0.4676153986498814 0.06307898259705488 0.12297026090129538
6 0.34286925479696556 0.497765006385696 0.067880410531013 0.11840904944353221
6 0.39271307452030346 0.5446542601715015 0.06183846497099513 0.11302681992337171
6 0.44500669344042837 0.580642218573253 0.06181169120928159 0.10563765736179521
6 0.48713966979027223 0.5936872833424558 0.05819723337795615 0.10536398467432949
6 0.3645113788487283 0.3454205436964058 0.07392235609103086 0.1237912789636927
6 0.5154082998661312 0.10924101441342822 0.05698348951361001 0.10280970625798214
4 0.30630075858991523 0.6120233534026637 0.061892012494422076 0.12780514504652443
6 0.5966086568496207 0.14988140850209813 0.03650156180276663 0.10125889436234264
6 0.6355510932619366 0.21195949644225506 0.03885765283355642 0.08666301769750047
6 0.6802008032128514 0.36193212917350853 0.05102186523873263 0.1195949644225506
6 0.687652833556448 0.46720488961868273 0.03767960731816166 0.09396095602992156
6 0.7110263275323517 0.502234993614304 0.03043284248103509 0.08848750228060573
6 0.7224988844265953 0.32941069147965707 0.043882195448460504 0.14367816091954033
6 0.75458723784025 0.28749315818281335 0.035394912985274384 0.1282612661923007
6 0.7627443105756359 0.19818463783981025 0.025443998215082666 0.04132457580733441
6 0.7368808567603748 0.18513957307060758 0.02665774207942881 0.0438788542236818
6 0.36434627398482816 0.22468527640941435 0.07157518964747879 0.140850209815727
6 0.2734850513163766 0.6883780332056194 0.061865238732708605 0.12041598248494806
6 0.32901383311021865 0.663017697500456 0.03892012494422135 0.10390439700784537
6 0.37233377956269526 0.6810800948731983 0.061909861668897906 0.13273125342090866
6 0.41324854975457387 0.697728516694034 0.048576528335564514 0.10956029921547174
6 0.46319500223114685 0.71629264732713 0.04858545292280236 0.11202335340266385
6 0.4962472110664881 0.740968801313629 0.044953145917001364 0.10682357234081388
6 0.5056760374832664 0.7995803685458859 0.043703703703703696 0.09441707717569768
6 0.5363676929941991 0.8105272760445175 0.040142793395805336 0.10892172961138466
6 0.6230611334225792 0.16666666666666669 0.04006247211066485 0.08675424192665573
