2 0.10572888159095055 0.9689210950080515 0.013090676883780319 0.0377616747181966
2 0.09334519248312353 0.9729871175523349 0.011813537675606662 0.03550724637681168
2 0.08629812078087941 0.9571658615136877 0.011767925561028994 0.033333333333333416
2 0.30781335522714837 0.7744363929146538 0.010627622696588271 0.03760064412238327
2 0.10388159095055646 0.5880434782608696 0.009213647144681609 0.028824476650563563
2 0.0970625798212005 0.5906602254428341 0.009213647144681609 0.028824476650563563
2 0.005268199233716473 0.5988325281803542 0.009168035030103995 0.026650563607085547
2 0.6404397007845283 0.688647342995169 0.012999452654625192 0.033413848631239834
2 0.7069421638387156 0.6549919484702094 0.011813537675606662 0.03550724637681143
2 0.4579228243021347 0.5952898550724637 0.00921364714468168 0.028824476650563563
1 0.034459952563400835 0.9366747181964573 0.03288633461047254 0.04339774557165855
1 0.112114577631819 0.8990338164251207 0.04780149607735814 0.050885668276972586
1 0.11517058930852034 0.8706119162640903 0.04652435686918445 0.048631239935587905
1 0.23230249954387885 0.7978260869565217 0.03918080642218569 0.05032206119162642
1 0.6270525451559934 0.5940016103059582 0.04278416347381867 0.046215780998389897
1 0.6539636927567961 0.5716183574879228 0.03781244298485677 0.04371980676328497
1 0.8006294471811712 0.49798711755233493 0.04397007845283706 0.04412238325281805
1 0.7778005838350667 0.5016505636070854 0.04164386060937781 0.05048309178743963
1 0.858784893267652 0.48115942028985503 0.042738551359241005 0.044041867954911385
1 0.8900748038679072 0.4552334943639291 0.03899835796387502 0.041626409017713376
1 0.9259943440977924 0.44311594202898547 0.04666119321291738 0.05515297906602244
1 0.918605181536216 0.3849838969404187 0.029191753329684354 0.0431561996779388
1 0.9734081372012406 0.4107085346215781 0.03411786170406859 0.043478260869565216
1 0.9518792191205984 0.49895330112721414 0.039135194307608166 0.048148148148148155
1 0.9350939609560299 0.5955716586151368 0.056559022076263385 0.05797101449275379
1 0.9636243386243386 0.7597826086956522 0.03918080642218569 0.05032206119162642
2 0.9475916803503011 0.5274557165861513 0.010445174238277738 0.028904991948470227
0 0.7786900200693304 0.547181964573269 0.0691935778142675 0.07399355877616753
0 0.5629447181171319 0.630756843800322 0.07316183178252142 0.08727858293075685
0 0.3585340266374749 0.6430354267310789 0.041050903119868684 0.08083735909822874
0 0.3166849115124977 0.5567632850241545 0.03343367998540413 0.06948470209339792
0 0.2865124977193943 0.5001207729468599 0.028370735267287027 0.06264090177133648
0 0.25862068965517243 0.4520128824476651 0.028279511038131692 0.05829307568438008
1 0.3505062944718117 0.7325684380032206 0.030651340996168612 0.054106280193236767
