8 0.6338443396226415 0.7395833333333334 0.19103773584905662 0.1625
8 0.8349056603773585 0.5864583333333333 0.21933962264150944 0.13333333333333333
8 0.8844339622641509 0.353125 0.1403301886792453 0.09583333333333334
8 0.6067216981132075 0.434375 0.18867924528301888 0.1125
8 0.41214622641509435 0.4322916666666667 0.18632075471698112 0.11666666666666667
8 0.5011792452830188 0.340625 0.12853773584905662 0.08958333333333333
8 0.24764150943396226 0.5760416666666667 0.1804245283018868 0.12916666666666668
8 0.08962264150943396 0.8947916666666667 0.1792452830188679 0.21041666666666667
2 0.20754716981132076 0.40520833333333334 0.015330188679245283 0.04791666666666667
8 0.018278301886792452 0.3125 0.036556603773584904 0.0875
8 0.024764150943396228 0.55 0.049528301886792456 0.13541666666666666
