0 0.183206106870229 0.5927083333333333 0.25190839694656486 0.075
0 0.7175572519083969 0.4979166666666667 0.1717557251908397 0.0625
0 0.8721374045801527 0.42916666666666664 0.17938931297709923 0.075
2 0.5877862595419847 0.490625 0.030534351145038167 0.04791666666666667
2 0.6125954198473282 0.4947916666666667 0.030534351145038167 0.05416666666666667
2 0.3473282442748092 0.590625 0.04580152671755725 0.04791666666666667
2 0.31297709923664124 0.5708333333333333 0.030534351145038167 0.035416666666666666
2 0.28053435114503816 0.5697916666666667 0.03816793893129771 0.025
2 0.700381679389313 0.425 0.04198473282442748 0.0375
2 0.7251908396946565 0.43020833333333336 0.03816793893129771 0.05
