1 0.9717606837606837 0.3795240836691614 0.05647863247863265 0.25031663788140474
1 0.8426780626780627 0.7171560161197467 0.2624615384615383 0.18977163692189591
1 0.7327863247863248 0.5518326616772212 0.2023475783475783 0.18038764152753792
1 0.6408660968660969 0.5240452888121282 0.19964672364672353 0.20884667050470157
1 0.6100398860398861 0.46181155248512756 0.18415954415954414 0.20088274803300712
1 0.5763988603988605 0.36117827672231817 0.17299145299145302 0.17052389176741511
1 0.560962962962963 0.2991844175781999 0.16374928774928776 0.16954519286125497
1 0.41604558404558406 0.3364037612742276 0.12606267806267799 0.1112262521588946
2 0.526905982905983 0.5751295336787565 0.11590883190883197 0.041162924582613766
2 0.4644102564102564 0.3867587795048935 0.10197150997150997 0.03408175014392634
