8 0.38844086021505375 0.7506053268765133 0.1555913978494624 0.13559322033898305
8 0.4606451612903226 0.6555690072639225 0.12247311827956998 0.10774818401937046
8 0.5158602150537634 0.5780871670702179 0.11322580645161298 0.09443099273607748
8 0.6911290322580645 0.33595641646489105 0.07279569892473117 0.05690072639225181
1 0.09704301075268817 0.48426150121065376 0.11774193548387096 0.1089588377723971
1 0.1277956989247312 0.4491525423728814 0.12086021505376345 0.10774818401937046
1 0.22844086021505375 0.3837772397094431 0.10569892473118275 0.10048426150121065
1 0.30032258064516126 0.3486682808716707 0.08064516129032258 0.07263922518159806
8 0.31435483870967745 0.8153753026634383 0.10010752688172042 0.05569007263922518
8 0.5494086021505377 0.5199757869249395 0.08731182795698923 0.05690072639225181
8 0.5779569892473118 0.46912832929782083 0.097741935483871 0.06537530266343826
8 0.6226881720430107 0.4279661016949153 0.07451612903225814 0.05811138014527845
8 0.6511290322580645 0.38498789346246975 0.07150537634408609 0.06053268765133172
8 0.4688709677419355 0.7027845036319612 0.06397849462365585 0.06658595641646489
8 0.5216129032258064 0.6337772397094431 0.06655913978494621 0.059322033898305086
8 0.5727956989247311 0.5562953995157385 0.05333333333333323 0.05569007263922518
8 0.6071505376344085 0.49818401937046003 0.06322580645161298 0.05811138014527845
8 0.6373118279569893 0.45641646489104115 0.0550537634408602 0.05690072639225181
8 0.3939784946236559 0.7947941888619855 0.10623655913978496 0.10653753026634383
