6 0.44221698113207547 0.7941810344827587 0.10613207547169812 0.22413793103448276
0 0.46639150943396224 0.6174568965517241 0.060141509433962265 0.11206896551724138
2 0.1733490566037736 0.7306034482758621 0.024764150943396228 0.08620689655172414
2 0.12912735849056603 0.6864224137931034 0.01650943396226415 0.07327586206896551
2 0.1179245283018868 0.7015086206896551 0.015330188679245283 0.07974137931034483
2 0.09787735849056604 0.7273706896551724 0.01650943396226415 0.07974137931034483
2 0.07075471698113207 0.7532327586206896 0.02122641509433962 0.09267241379310345
2 0.04304245283018868 0.7898706896551724 0.02122641509433962 0.08836206896551724
2 0.02358490566037736 0.8178879310344828 0.030660377358490566 0.10775862068965517
2 0.08785377358490566 0.6864224137931034 0.015330188679245283 0.07327586206896551
2 0.0695754716981132 0.6950431034482759 0.01650943396226415 0.05172413793103448
2 0.04658018867924528 0.7273706896551724 0.020047169811320754 0.06896551724137931
2 0.020047169811320754 0.7424568965517241 0.02240566037735849 0.05172413793103448
2 0.010023584905660377 0.7079741379310345 0.018867924528301886 0.07543103448275862
2 0.03419811320754717 0.6907327586206896 0.02358490566037736 0.07543103448275862
6 0.49115566037735847 0.5420258620689655 0.05306603773584906 0.0625
6 0.5141509433962265 0.5032327586206896 0.03537735849056604 0.05387931034482758
1 0.4675707547169811 0.47413793103448276 0.0294811320754717 0.028017241379310345
