6 0.3848765432098765 0.43919110082304524 0.13429355281207137 0.04214248971193414
6 0.3036694101508916 0.4553112139917695 0.14341563786008232 0.03882458847736617
2 0.027400548696844995 0.45904706790123456 0.01968449931412894 0.029822530864197578
2 0.03525377229080933 0.38421424897119344 0.035253772290809324 0.033551954732510346
2 0.0922153635116598 0.37979038065843623 0.0382716049382716 0.03186728395061728
2 0.2126886145404664 0.38038837448559676 0.03525377229080931 0.033551954732510346
2 0.4952674897119342 0.3800218621399177 0.03491083676268868 0.02487139917695469
2 0.529320987654321 0.3820601851851852 0.03216735253772289 0.03350051440329219
2 0.6487654320987654 0.43479295267489715 0.019272976680383986 0.019405864197530914
2 0.6633744855967079 0.37461419753086417 0.022702331961591216 0.028137860082304518
2 0.695164609053498 0.3975372942386831 0.028806584362140036 0.026504629629629604
2 0.729355281207133 0.40304783950617284 0.01632373113854596 0.02282664609053499
2 0.7153978052126201 0.40154320987654324 0.022565157750343 0.024665637860082294
2 0.8190329218106996 0.3668081275720165 0.02887517146776423 0.028240740740740716
2 0.8683813443072702 0.3651170267489712 0.022565157750343 0.024665637860082294
2 0.9223593964334704 0.36334876543209876 0.031961591220850655 0.02829218106995886
