6 0.7792425193555137 0.5692038083281021 0.09651600753295658 0.06627955639255081
6 0.9561623770663318 0.503274743670224 0.0799330403850178 0.05169491525423716
1 0.8357396944967567 0.4376961707470182 0.045668549905837935 0.026721071353839783
1 0.5214741577735927 0.5044883866917765 0.051632140615191446 0.031125758526888352
1 0.13462544465369322 0.6473477715003139 0.07103996652019252 0.04579409918392968
1 0.8989851433354259 0.91099079305294 0.10336890562879268 0.06366394643230777
1 0.9959850387110274 0.8095522075748065 0.008029922577945225 0.045291902071563
8 0.9378792634442351 0.8625026156099603 0.12424147311152972 0.11157145846411398
8 0.8218246495082653 0.9409342958777986 0.24178698472483787 0.11813140824440267
1 0.539783427495292 0.46627432517263023 0.07710818162795566 0.05161121573550949
