2 0.5795990566037735 0.8990384615384616 0.07665094339622641 0.20192307692307693
2 0.8720518867924528 0.36658653846153844 0.08018867924528301 0.25
2 0.7841981132075472 0.07451923076923077 0.08372641509433962 0.14903846153846154
2 0.6768867924528302 0.1875 0.08490566037735849 0.17307692307692307
2 0.6969339622641509 0.11658653846153846 0.07429245283018868 0.15865384615384615
2 0.6102594339622641 0.13221153846153846 0.0589622641509434 0.16105769230769232
2 0.5784198113207547 0.21875 0.08018867924528301 0.15625
2 0.5053066037735849 0.23918269230769232 0.06132075471698113 0.1658653846153846
2 0.388561320754717 0.23317307692307693 0.0589622641509434 0.16826923076923078
2 0.3089622641509434 0.296875 0.06132075471698113 0.1346153846153846
2 0.2358490566037736 0.31971153846153844 0.0695754716981132 0.15865384615384615
2 0.22110849056603774 0.4387019230769231 0.0589622641509434 0.1658653846153846
2 0.15919811320754718 0.4387019230769231 0.06485849056603774 0.19951923076923078
2 0.10377358490566038 0.45072115384615385 0.05778301886792453 0.15625
2 0.12028301886792453 0.6310096153846154 0.0625 0.16346153846153846
2 0.04893867924528302 0.6826923076923077 0.06367924528301887 0.1875
2 0.05129716981132076 0.8305288461538461 0.10259433962264151 0.23076923076923078
