2 0.2963605223720831 0.4278483245149912 0.17135517019910085 0.06745443856554977
2 0.22116249197174048 0.6407054673721341 0.17148362235067433 0.07697824808935928
2 0.5904624277456648 0.4738565549676661 0.16566045814600736 0.07361552028218689
2 0.6845215157353886 0.3731334509112287 0.16009419824448717 0.08930041152263371
2 0.6964675658317278 0.29413874191651973 0.1748876043673732 0.11516754850088182
2 0.8396488974523655 0.2982128159905938 0.15990152001712704 0.07501469723691942
2 0.9355491329479768 0.2997766019988242 0.12890173410404632 0.0646443268665491
2 0.8292656818668379 0.38589065255731925 0.17433097837722122 0.07389770723104054
2 0.7745985870263327 0.5131216931216931 0.19171483622350685 0.07763668430335086
2 0.9157996146435453 0.6919400352733686 0.07278955255833879 0.042034097589653215
