1 0.9628537735849056 0.5204741379310345 0.07429245283018868 0.07327586206896551
8 0.455188679245283 0.625 0.08844339622641509 0.23706896551724138
8 0.38620283018867924 0.30064655172413796 0.031839622641509434 0.08620689655172414
8 0.38384433962264153 0.2273706896551724 0.024764150943396228 0.06465517241379311
2 0.27122641509433965 0.8372844827586207 0.02122641509433962 0.07974137931034483
2 0.3125 0.78125 0.01768867924528302 0.07112068965517242
2 0.4410377358490566 0.38254310344827586 0.009433962264150943 0.04310344827586207
2 0.2806603773584906 0.29094827586206895 0.01061320754716981 0.036637931034482756
2 0.26002358490566035 0.3394396551724138 0.012971698113207548 0.040948275862068964
2 0.25648584905660377 0.4558189655172414 0.008254716981132075 0.04956896551724138
2 0.2429245283018868 0.36745689655172414 0.009433962264150943 0.04310344827586207
