6 0.346484375 0.5263888888888889 0.0515625 0.1527777777777778
6 0.390625 0.5527777777777778 0.05078125 0.15138888888888888
8 0.881640625 0.8194444444444444 0.04296875 0.14166666666666666
6 0.5109375 0.5243055555555556 0.07109375 0.14166666666666666
6 0.689453125 0.575 0.0609375 0.12638888888888888
6 0.666796875 0.7104166666666667 0.06796875 0.06527777777777778
6 0.75234375 0.75625 0.046875 0.13333333333333333
8 0.84140625 0.7840277777777778 0.0375 0.13194444444444445
6 0.183203125 0.1951388888888889 0.06484375 0.0875
6 0.19140625 0.3173611111111111 0.071875 0.11666666666666667
