2 0.0607311320754717 0.9158653846153846 0.08490566037735849 0.09375
2 0.0866745283018868 0.7920673076923077 0.08018867924528301 0.08653846153846154
2 0.10790094339622641 0.6899038461538461 0.06485849056603774 0.0985576923076923
2 0.04009433962264151 0.5853365384615384 0.07547169811320754 0.11538461538461539
2 0.13089622641509435 0.5985576923076923 0.07311320754716981 0.0889423076923077
2 0.1509433962264151 0.5288461538461539 0.06485849056603774 0.10817307692307693
2 0.18337264150943397 0.4579326923076923 0.060141509433962265 0.10817307692307693
2 0.2429245283018868 0.3545673076923077 0.054245283018867926 0.12259615384615384
2 0.17275943396226415 0.3317307692307692 0.054245283018867926 0.1201923076923077
2 0.27535377358490565 0.3016826923076923 0.04245283018867924 0.11538461538461539
2 0.29245283018867924 0.23317307692307693 0.049528301886792456 0.11538461538461539
2 0.3136792452830189 0.17427884615384615 0.04481132075471698 0.12740384615384615
2 0.3455188679245283 0.12860576923076922 0.04363207547169811 0.13221153846153846
2 0.3909198113207547 0.09615384615384616 0.03891509433962264 0.1201923076923077
2 0.4345518867924528 0.054086538461538464 0.04834905660377359 0.10817307692307693
2 0.6185141509433962 0.19471153846153846 0.031839622641509434 0.12259615384615384
