6 0.5652222222222223 0.4040010193679918 0.18133333333333326 0.40647298674821597
6 0.48864814814814816 0.19836901121304792 0.09730555555555555 0.22782874617737006
6 0.45158796296296294 0.06351936799184506 0.05839814814814815 0.12703873598369012
2 0.4453796296296296 0.32673292558613665 0.027944444444444515 0.029765545361875596
2 0.44739814814814816 0.3563455657492355 0.03165740740740745 0.02777777777777772
2 0.4506805555555556 0.4236493374108053 0.03283333333333331 0.023292558613659555
2 0.448537037037037 0.517737003058104 0.03415740740740745 0.027981651376146895
2 0.4628564814814815 0.674617737003058 0.04173148148148144 0.03318042813455664
2 0.47285185185185186 0.7127420998980633 0.04680555555555557 0.03817533129459722
2 0.4704537037037037 0.7839449541284403 0.049305555555555575 0.038379204892966395
2 0.4754768518518519 0.7434505606523953 0.04680555555555557 0.03817533129459722
2 0.4686296296296296 0.8195973496432212 0.0492685185185185 0.03608562691131502
2 0.46947222222222224 0.8447247706422019 0.049305555555555575 0.038379204892966395
2 0.4722453703703704 0.8662589194699286 0.04934259259259264 0.04067278287461777
2 0.48431481481481486 0.9305555555555556 0.05441666666666663 0.04566768603465861
0 0.6742083333333333 0.7283893985728849 0.17321296296296282 0.4447502548419978
2 0.4504814814814814 0.3973241590214068 0.03408333333333331 0.023394495412844142
