8 0.2203551912568306 0.44843106995884774 0.27777777777777773 0.09938271604938273
8 0.2725409836065574 0.40900205761316877 0.20127504553734063 0.06280864197530862
8 0.6113387978142076 0.41782407407407407 0.23123861566484516 0.07973251028806587
8 0.5017759562841531 0.40671296296296294 0.18151183970856102 0.07155349794238693
8 0.7843806921675776 0.401929012345679 0.180783242258652 0.062294238683127674
8 0.8394808743169399 0.4294238683127572 0.1889799635701274 0.0625
1 0.9415300546448088 0.45805041152263376 0.04298724954462679 0.02649176954732513
8 0.9530965391621129 0.41502057613168725 0.029326047358834286 0.06080246913580244
8 0.9366575591985429 0.3900205761316872 0.06621129326047363 0.06172839506172831
8 0.04357923497267759 0.4498971193415638 0.08715846994535519 0.10020576131687244
