6 0.6104708097928437 0.5446801346801348 0.10090395480225983 0.11438832772166113
6 0.5385499058380415 0.5348597081930415 0.09756434400502197 0.1202693602693602
6 0.44709981167608287 0.5306172839506174 0.08911487758945387 0.1228507295173961
6 0.3580916509730069 0.5383613916947251 0.0925298179535468 0.12606060606060612
6 0.25564971751412424 0.531672278338945 0.07730069052102956 0.1282828282828284
6 0.14321406151914626 0.5043097643097643 0.08061519146264907 0.11937149270482596
2 0.8642686754551162 0.5842424242424242 0.013961079723791523 0.04920314253647575
2 0.8769805398618958 0.5835690235690236 0.013986189579409872 0.052233445566778954
2 0.8930696798493407 0.5842312008978676 0.010571249215317331 0.04902356902356911
2 0.9066164469554301 0.5850280583613917 0.013935969868173172 0.04617283950617272
2 0.9210106716886378 0.5857800224466891 0.013935969868173172 0.04617283950617272
2 0.932887633396108 0.5836363636363637 0.015605775266792495 0.043232323232323185
2 0.9472567482736974 0.5874186307519641 0.01565599497802881 0.04929292929292925
2 0.9675580665411174 0.5908866442199775 0.012241054613935884 0.0460830527497194
2 0.981067168863779 0.5962289562289561 0.010571249215316946 0.04902356902356911
