5 0.5403664302600473 0.3585311209129735 0.4899999999999999 0.3510326962122803
2 0.4525886524822694 0.3888048729258559 0.04102836879432618 0.17938108240565712
1 0.47864657210401895 0.7904746901911363 0.09398345153664302 0.0804102779528111
2 0.40099290780141844 0.7546733879437093 0.019574468085106357 0.07827487222572285
2 0.33520094562647756 0.8324861723727508 0.014527186761229325 0.05703983756913807
2 0.31377659574468086 0.7612931456976826 0.022364066193853446 0.08891689420989972
2 0.29894208037825065 0.7366974725197787 0.01920803782505921 0.09145837709164724
2 0.2723404255319149 0.739620527900301 0.02620567375886524 0.09871175523349437
2 0.2872517730496454 0.779314569768256 0.02169030732860523 0.07752572988867898
2 0.2754905437352246 0.8063607085346215 0.02265957446808506 0.07006231183924945
2 0.22828014184397163 0.8003255618567529 0.02690307328605201 0.06950920674928224
2 0.1449822695035461 0.8122488272771826 0.029148936170212743 0.07915703983756917
2 0.03802009456264775 0.8046383812924456 0.039917257683215135 0.09053420149828462
2 0.04583333333333334 0.6684415038857383 0.03451536643026005 0.08342785129174542
2 0.24681442080378252 0.6352902051389765 0.03338061465721042 0.07765875516348097
2 0.22060874704491723 0.8614541762934959 0.02050827423167854 0.06797591542393037
2 0.19953900709219857 0.8256318700553105 0.019030732860520122 0.034796611356157636
2 0.20173167848699766 0.8627214170692431 0.0172222222222222 0.060120422880347295
2 0.19263593380614658 0.8678078834978646 0.016737588652482285 0.06385213190506206
2 0.18231678486997635 0.8645102569488203 0.017777777777777774 0.06205979136035843
2 0.11104609929078013 0.8706049149338374 0.012293144208037812 0.048337184064972345
