1 0.14294199860237597 0.6906580119638538 0.13165618448637315 0.07725595010818392
1 0.3678546470999301 0.48848160875652286 0.153319357092942 0.11238386152475496
1 0.5881201956673655 0.6364388443426244 0.11719077568134167 0.09208349242713507
1 0.5590496156533892 0.7444953544609902 0.0851153039832285 0.04454626447753585
1 0.706324248777079 0.7514636629756904 0.08909853249475885 0.054982817869415807
1 0.689622641509434 0.7012854779177803 0.10524109014675062 0.060773832251495595
1 0.7837526205450734 0.5785287005218277 0.09566736547868622 0.05867379406898308
1 0.7696366177498254 0.4825633193330788 0.09210342417889589 0.05339187985236105
1 0.6352550663871419 0.2268359424716813 0.0883997204751921 0.04639175257731959
1 0.9830887491264851 0.3363561155657375 0.0338225017470298 0.03837342497136318
1 0.988190076869322 0.3102010945653557 0.023619846261355902 0.044991727122311274
1 0.974895178197065 0.5015909380170549 0.050209643605870116 0.03506427389588899
1 0.9083158630328442 0.6941580756013745 0.06366177498252995 0.050528191421662184
1 0.8127882599580714 0.6057973781341479 0.06310272536687613 0.043655339187985205
1 0.9936058700209645 0.5200776377752323 0.012788259958071087 0.04327351406389213
0 0.896680642907058 0.37657502863688436 0.13235499650593976 0.08584701540027996
