8 0.7069338959212377 0.6488425925925926 0.49285513361462735 0.6629115226337448
6 0.4360056258790436 0.32337962962962963 0.2949648382559775 0.37736625514403294
2 0.4058509142053446 0.10722736625514404 0.02998593530239097 0.0890946502057613
2 0.35410689170182835 0.032484567901234565 0.036090014064697695 0.06496913580246913
2 0.3076933895921238 0.01602366255144033 0.030182841068917006 0.03204732510288066
2 0.42087201125175805 0.01828703703703704 0.02407876230661043 0.03657407407407408
2 0.5614767932489452 0.03159722222222222 0.022053445850914198 0.06319444444444444
2 0.6138255977496484 0.05715020576131687 0.022053445850914198 0.07489711934156379
2 0.5160056258790436 0.049562757201646095 0.023375527426160374 0.07726337448559671
2 0.5081575246132208 0.018801440329218107 0.021659634317862133 0.037602880658436214
2 0.5259634317862166 0.014969135802469136 0.021490857946554125 0.029938271604938272
