6 0.39337016574585637 0.672917121443644 0.0840065479844485 0.26821654660554467
2 0.33381010845099246 0.9874117732663902 0.03703703703703699 0.020606854398602797
2 0.35251892776754656 0.9285199738048461 0.030169838346633816 0.031223168158335098
2 0.37091262533251484 0.8588226733609837 0.03255166768978927 0.0371752892381576
2 0.34393083691426235 0.8517317907298261 0.03141804788213635 0.03616386524048603
2 0.3430570902394107 0.7555155351815469 0.025987313280130913 0.02031579713308602
2 0.33900143237159813 0.7205631958087754 0.03456108041743407 0.03035727279342214
2 0.32051974626560265 0.6925925925925926 0.03237978309801516 0.031281379611438544
2 0.3487374667485165 0.6000873171796551 0.030169838346633816 0.031223168158335098
2 0.35067935338653566 0.7139998544713673 0.026683036627788013 0.025241941351961096
2 0.3557499488438715 0.6891035436222077 0.025578064252097407 0.025212835625409373
2 0.3219439328831594 0.9591246452739577 0.0233967669326785 0.02613694244342577
