6 0.5125055587319738 0.9454128440366972 0.024280541261673356 0.05992751160946868
6 0.5217838765008577 0.9628666893192888 0.02215869385680715 0.04767244308528734
6 0.5257162823200558 0.9735134216785591 0.01619973318086528 0.023139653414882586
6 0.45282065942443295 0.7551534715143278 0.03260910996760065 0.07837807226186427
6 0.4258020456133664 0.5621701211915279 0.029985388475954586 0.07681504134103516
1 0.49644876437329266 0.89977347377959 0.02574169366622198 0.05230490429267178
8 0.48475636871863276 0.851783893985729 0.034927895305253705 0.07076679125608788
8 0.47790165809033736 0.8258919469928646 0.03412108506448124 0.07228451693283514
8 0.4641287084683311 0.8276022199569599 0.04507337526205459 0.09229810850605949
8 0.5858617622768566 0.8275229357798166 0.02957880693729764 0.06458262543889484
8 0.5160313830125152 0.45246347264695896 0.029426338860301143 0.05999546947559174
8 0.5039165237278445 0.37849699852757956 0.027507782224763213 0.05385660890248047
8 0.4531160663236135 0.16595877222788538 0.03391779429515277 0.06616830898176462
8 0.43400991042500475 0.10889681730660325 0.029121402706308336 0.05082115754898628
8 0.42847023696080294 0.06923207611281006 0.031795946890286565 0.05391324045758295
8 0.43351438917476653 0.8975478536640616 0.09645511720983421 0.19384981311586824
8 0.5711994155390382 0.7528259145996149 0.02286385871291528 0.04309661343300492
6 0.5657582110412299 0.6199286442405708 0.027005908137983748 0.06454864650583314
8 0.4535385299536243 0.6045984822743232 0.06225779810685472 0.2224374221316116
8 0.46591703195476786 0.42561445237286216 0.06128581411600292 0.16740287688299926
0 0.5240423098913665 0.5983180428134556 0.023670668953687742 0.041578887756257676
8 0.5072898799313894 0.3027975988220637 0.05023187853376523 0.1443311813342394
8 0.46518327933422277 0.22846301959451804 0.034927895305253705 0.07076679125608788
8 0.5764659170319547 0.7749178842451013 0.04614065180102932 0.12440820024917876
6 0.5305666730195032 0.5309831237965795 0.03941935074010553 0.0769396307622606
8 0.5452830188679245 0.48799411031826934 0.057048472142811925 0.1688752973156643
2 0.5279207165999619 0.726650809831238 0.014281176545327543 0.017000792841771407
2 0.5505209325964043 0.6270075886283837 0.014230353852995377 0.015471740854003822
2 0.5451305507909282 0.595746970211802 0.012565910679118282 0.01697814021973056
2 0.5412299091544375 0.5583531543776192 0.009033733562035422 0.013874731000113353
2 0.5323486436693984 0.5676407294144298 0.014128708468331043 0.012413636878468652
2 0.5321485293183407 0.5607656586249858 0.014128708468331043 0.012413636878468828
