2 0.5377155172413793 0.9705188679245284 0.040948275862068964 0.05070754716981132
2 0.39978448275862066 0.8307783018867925 0.032327586206896554 0.03891509433962264
2 0.4267241379310345 0.7936320754716981 0.028017241379310345 0.03773584905660377
2 0.3933189655172414 0.7346698113207547 0.023706896551724137 0.0330188679245283
2 0.5808189655172413 0.6415094339622641 0.01939655172413793 0.02358490566037736
2 0.6196120689655172 0.6031839622641509 0.017241379310344827 0.02240566037735849
2 0.625 0.5760613207547169 0.017241379310344827 0.02122641509433962
2 0.5484913793103449 0.5454009433962265 0.01293103448275862 0.01650943396226415
2 0.49461206896551724 0.5365566037735849 0.010775862068965518 0.015330188679245283
2 0.4364224137931034 0.5194575471698113 0.010775862068965518 0.01179245283018868
1 0.18211206896551724 0.6143867924528302 0.07974137931034483 0.04009433962264151
2 0.39439655172413796 0.5106132075471698 0.01939655172413793 0.02122641509433962
2 0.32219827586206895 0.4876179245283019 0.010775862068965518 0.020047169811320754
2 0.2521551724137931 0.4722877358490566 0.017241379310344827 0.02122641509433962
2 0.04418103448275862 0.44162735849056606 0.01293103448275862 0.020047169811320754
