6 0.50625 0.4513888888888889 0.0234375 0.03611111111111111
6 0.532421875 0.4513888888888889 0.025 0.041666666666666664
6 0.563671875 0.4125 0.0375 0.030555555555555555
6 0.57890625 0.4798611111111111 0.03203125 0.05416666666666667
6 0.601953125 0.45694444444444443 0.01953125 0.034722222222222224
6 0.61875 0.48333333333333334 0.02890625 0.041666666666666664
6 0.69453125 0.5027777777777778 0.046875 0.058333333333333334
2 0.5578125 0.5729166666666666 0.03203125 0.14444444444444443
2 0.5796875 0.5972222222222222 0.01015625 0.05138888888888889
2 0.59765625 0.5861111111111111 0.0109375 0.05694444444444444
2 0.58828125 0.5951388888888889 0.00859375 0.05
2 0.670703125 0.5909722222222222 0.0125 0.03611111111111111
2 0.68046875 0.5951388888888889 0.0109375 0.03333333333333333
2 0.716015625 0.5638888888888889 0.01171875 0.043055555555555555
2 0.72734375 0.5708333333333333 0.009375 0.043055555555555555
2 0.780078125 0.6256944444444444 0.0109375 0.05
2 0.760546875 0.6409722222222223 0.0171875 0.03194444444444444
2 0.746875 0.5729166666666666 0.01171875 0.04861111111111111
2 0.734765625 0.49722222222222223 0.0078125 0.03194444444444444
8 0.501953125 0.4083333333333333 0.028125 0.034722222222222224
6 0.529296875 0.4076388888888889 0.025 0.03333333333333333
6 0.61015625 0.42083333333333334 0.04296875 0.027777777777777776
6 0.648046875 0.4652777777777778 0.0359375 0.04583333333333333
2 0.742578125 0.5006944444444444 0.00703125 0.041666666666666664
2 0.784375 0.5625 0.009375 0.04861111111111111
2 0.79375 0.5611111111111111 0.01015625 0.04722222222222222
2 0.80390625 0.5625 0.01015625 0.05
2 0.740625 0.56875 0.009375 0.04861111111111111
2 0.569921875 0.5965277777777778 0.01015625 0.059722222222222225
