6 0.7160694444444445 0.5255691471287801 0.44205555555555576 0.48504926945293925
6 0.39236574074074076 0.4355249745158002 0.5324907407407408 0.556744818212708
2 0.16017129629629628 0.34870880054366293 0.03272222222222226 0.100407747196738
2 0.21053703703703705 0.2093527013251784 0.027722222222222256 0.09972816853550795
2 0.18585185185185185 0.17261297995242952 0.0262777777777778 0.09267753992524631
2 0.1600648148148148 0.174864084267754 0.028712962962962933 0.09072375127420997
2 0.22633796296296296 0.16084777437988448 0.023518518518518546 0.08316343866802584
2 0.03914814814814815 0.3242014950730547 0.031148148148148147 0.08876996262317362
2 0.07973611111111112 0.24222731906218145 0.030092592592592594 0.09548080190282023
2 0.04452777777777778 0.13383452259599046 0.02550000000000001 0.06515460414542985
