8 0.451061320754717 0.47413793103448276 0.09905660377358491 0.24568965517241378
8 0.39799528301886794 0.27586206896551724 0.05660377358490566 0.12931034482758622
8 0.3767688679245283 0.15625 0.024764150943396228 0.0625
2 0.29422169811320753 0.540948275862069 0.01768867924528302 0.07112068965517242
2 0.22169811320754718 0.6734913793103449 0.027122641509433963 0.09051724137931035
2 0.24941037735849056 0.5237068965517241 0.02240566037735849 0.07112068965517242
2 0.24056603773584906 0.31896551724137934 0.014150943396226415 0.0603448275862069
2 0.26827830188679247 0.1961206896551724 0.012971698113207548 0.03879310344827586
2 0.4386792452830189 0.26185344827586204 0.01179245283018868 0.04741379310344827
2 0.24764150943396226 0.23060344827586207 0.009433962264150943 0.04310344827586207
2 0.2346698113207547 0.19288793103448276 0.01061320754716981 0.036637931034482756
8 0.6126179245283019 0.9418103448275862 0.17570754716981132 0.11637931034482758
