2 0.5415699281370923 0.9422616879174257 0.12826976229961298 0.10951426836672759
2 0.6958485351022664 0.8346903460837888 0.13257048092868984 0.10625379477838488
2 0.8369430624654505 0.8193655130540376 0.10202321724709759 0.12088038858530656
2 0.8024709784411277 0.8498269581056467 0.14482034273079053 0.11204007285974497
2 0.7111000552791598 0.7317820279295689 0.18644555002763966 0.13679417122040075
2 0.6178441127694859 0.4965573770491803 0.16932006633499172 0.12361262902246514
2 0.5337810945273632 0.6026138433515482 0.13191818684355994 0.12182149362477235
2 0.4913266998341625 0.5597632058287796 0.1452072968490879 0.09155434122647227
2 0.496147042564953 0.8023132969034609 0.17762299613045882 0.1392167577413479
2 0.5656992813709231 0.8684092289010321 0.13762299613045872 0.11692774741955075
2 0.36826976229961306 0.8630661809350334 0.15887230514096187 0.12357012750455366
2 0.39414593698175787 0.8121523982999393 0.1622553897180763 0.13095931997571356
2 0.27979546710889996 0.7466484517304189 0.14294085129906023 0.13251973284760185
2 0.08881149806522941 0.7601275045537341 0.13156440022111665 0.11526411657559202
2 0.06953565505804313 0.8269945355191257 0.11330016583747927 0.10863387978142074
2 0.03813156440022112 0.9124559805707345 0.07626312880044224 0.11607164541590792
2 0.8915146489773355 0.36104735883424405 0.1853067993366501 0.14334547662416525
2 0.81661138750691 0.22818457802064357 0.15870646766169144 0.14815421979356408
2 0.9319402985074626 0.2064086217364906 0.12143725815367598 0.1488221007893139
2 0.5929021558872305 0.23974802671523981 0.1588391376451078 0.1506132361870067
2 0.47949143173023767 0.23979963570127505 0.169419568822554 0.15311475409836062
2 0.33085682697623 0.06381299332119005 0.15321171918186843 0.1276259866423801
2 0.1697125483692648 0.1042046144505161 0.17341072415699282 0.14411657559198543
2 0.12892758430071863 0.22401639344262295 0.17946932006633498 0.14578020643594414
2 0.3096351575456053 0.33186399514268367 0.16783858485351016 0.15146933819064973
2 0.1872415699281371 0.3462932604735883 0.17810945273631842 0.14823315118397085
2 0.08060254284134881 0.3659957498482089 0.16120508568269762 0.1252398299939284
2 0.5313819789939193 0.39816029143897996 0.16723051409618578 0.16785670916818454
2 0.42597014925373133 0.3744140862173649 0.17942509673852966 0.1449605343047966
2 0.2203206191265893 0.6182301153612629 0.13485903814262024 0.12101396478445663
2 0.29579325594250966 0.588421372191864 0.15386401326699836 0.11371584699453553
2 0.15075732448866777 0.8012598664238008 0.15251520176893307 0.14403157255616272
2 0.0650359314538419 0.6495931997571341 0.1300718629076838 0.09149362477231333
