6 0.47818396226415094 0.7025862068965517 0.07900943396226415 0.15301724137931033
2 0.1892688679245283 0.7338362068965517 0.01768867924528302 0.09051724137931035
2 0.13502358490566038 0.6896551724137931 0.015330188679245283 0.07327586206896551
2 0.12323113207547169 0.7058189655172413 0.015330188679245283 0.07974137931034483
2 0.10731132075471699 0.7327586206896551 0.018867924528301886 0.08189655172413793
2 0.08372641509433962 0.7607758620689655 0.02358490566037736 0.09482758620689655
2 0.04009433962264151 0.8265086206896551 0.02240566037735849 0.10991379310344827
2 0.05837264150943396 0.7952586206896551 0.018867924528301886 0.09698275862068965
2 0.0347877358490566 0.6939655172413793 0.020047169811320754 0.07758620689655173
2 0.01061320754716981 0.7155172413793104 0.018867924528301886 0.07758620689655173
2 0.07606132075471699 0.6982758620689655 0.01768867924528302 0.05387931034482758
2 0.09080188679245282 0.6875 0.015330188679245283 0.07112068965517242
2 0.054245283018867926 0.7252155172413793 0.018867924528301886 0.05818965517241379
2 0.03242924528301887 0.7704741379310345 0.025943396226415096 0.08836206896551724
2 0.009433962264150943 0.7984913793103449 0.018867924528301886 0.10560344827586207
0 0.4846698113207547 0.5732758620689655 0.049528301886792456 0.10560344827586207
1 0.4569575471698113 0.47198275862068967 0.024764150943396228 0.036637931034482756
6 0.5141509433962265 0.4978448275862069 0.03537735849056604 0.04310344827586207
6 0.5005896226415094 0.5247844827586207 0.04245283018867924 0.05818965517241379
