2 0.0660377358490566 0.8762019230769231 0.1320754716981132 0.24759615384615385
2 0.07606132075471699 0.7680288461538461 0.09905660377358491 0.24278846153846154
2 0.1409198113207547 0.7536057692307693 0.08018867924528301 0.31971153846153844
2 0.0972877358490566 0.5072115384615384 0.06721698113207547 0.2644230769230769
2 0.16922169811320756 0.46634615384615385 0.08018867924528301 0.28365384615384615
2 0.2340801886792453 0.4879807692307692 0.09316037735849056 0.23798076923076922
2 0.25235849056603776 0.35216346153846156 0.08136792452830188 0.25
2 0.32193396226415094 0.38221153846153844 0.07665094339622641 0.25240384615384615
2 0.4027122641509434 0.27403846153846156 0.08254716981132075 0.23557692307692307
2 0.5300707547169812 0.33052884615384615 0.09433962264150944 0.2620192307692308
2 0.6120283018867925 0.31971153846153844 0.1320754716981132 0.25721153846153844
2 0.5996462264150944 0.16826923076923078 0.1214622641509434 0.25240384615384615
2 0.6892688679245284 0.23798076923076922 0.12735849056603774 0.2548076923076923
2 0.7022405660377359 0.17307692307692307 0.09787735849056604 0.22596153846153846
2 0.7788915094339622 0.08653846153846154 0.08018867924528301 0.17307692307692307
2 0.8744103773584906 0.375 0.07665094339622641 0.25
2 0.5801886792452831 0.8882211538461539 0.14150943396226415 0.22115384615384615
