8 0.35700171821305837 0.3866818873668189 0.11935853379152353 0.17590055809233898
8 0.21716781214203892 0.49939117199391175 0.09564719358533792 0.1329781836631151
8 0.08383447880870562 0.6161593099949263 0.07336769759450172 0.10157280568239457
8 0.11902920962199313 0.6453830542871639 0.09241122565864833 0.08026382546930494
8 0.20190435280641467 0.619431760527651 0.06947308132875141 0.09898528665651966
8 0.2728522336769759 0.5681380010147133 0.08118556701030928 0.10903094875697623
8 0.37268041237113403 0.5054287163876205 0.11383161512027497 0.14581430745814308
8 0.36529209621993125 0.6876966007102994 0.06534936998854524 0.07813292744799583
8 0.4764461626575028 0.5509639776763063 0.11752577319587634 0.1324200913242009
8 0.5519043528064147 0.602156265854896 0.09138029782359684 0.10071029934043627
8 0.6007731958762885 0.48746829020801624 0.15524054982817873 0.16276002029426687
8 0.5676260022909507 0.3643835616438356 0.16609392898052694 0.2069507864028412
8 0.7531930126002291 0.5040334855403348 0.13298969072164954 0.1336377473363774
2 0.3109965635738831 0.678259766615931 0.00942153493699888 0.03267376966007108
2 0.18157216494845363 0.6953069507864029 0.008104238258877437 0.030289193302891898
