8 0.25184738955823294 0.5776595744680851 0.10690763052208838 0.16595744680851063
8 0.3733868808567604 0.5659574468085107 0.11435073627844704 0.1829787234042553
8 0.5470281124497992 0.5297872340425532 0.11228915662650608 0.21063829787234042
8 0.7151539491298528 0.5819148936170213 0.06224899598393584 0.1595744680851064
8 0.7283668005354753 0.7223404255319149 0.042302543507362754 0.10638297872340426
8 0.44820615796519414 0.6712765957446809 0.07751004016064261 0.1276595744680851
8 0.3971218206157965 0.7287234042553191 0.06404283801874165 0.11063829787234042
8 0.4440428380187416 0.8191489361702128 0.085087014725569 0.059574468085106386
8 0.5071619812583669 0.7606382978723404 0.052904953145916915 0.08723404255319149
8 0.7286479250334673 0.7925531914893617 0.03469879518072311 0.07659574468085106
8 0.53190093708166 0.8117021276595745 0.037028112449799214 0.07021276595744681
8 0.5681392235609103 0.675531914893617 0.06511378848728251 0.1
2 0.6791164658634539 0.7819148936170213 0.010040160642570463 0.031914893617021274
2 0.6211914323962517 0.8223404255319149 0.008781793842034672 0.027659574468085105
