8 0.24221106648817492 0.5723038015989558 0.48442213297634984 0.780372001957905
6 0.5638063364569389 0.47369880894109967 0.2881392235609103 0.4138032305433187
2 0.641784917447568 0.31665850872899326 0.031512717536813936 0.0891662587697831
2 0.7062650602409639 0.28503018436939137 0.0362248995983935 0.0830804372654593
2 0.756318607764391 0.2871430902267907 0.032788933511825144 0.09370207211616897
2 0.6549620705042392 0.21107032142274432 0.02658634538152603 0.08203622124326969
2 0.525363676929942 0.12752488170990373 0.024248103525211943 0.08618045358133464
2 0.47176706827309234 0.12061510850057106 0.0228647925033467 0.07503671071953012
2 0.558826416778224 0.18520965899820524 0.02410531012940652 0.07736988089411
2 0.5769745649263722 0.14525208027410672 0.025417224453368987 0.08410833741230218
2 0.5620571173583222 0.1348099200522108 0.0239625167336011 0.0685593082068853
2 0.7754618473895583 0.22302170011421113 0.0262650602409638 0.06221243269701425
