1 0.043891652846876725 0.5354899203000468 0.06323935876174683 0.1357712142522269
1 0.11920950801547817 0.4184716361931552 0.16243781094527363 0.07796530707923117
2 0.0691542288557214 0.5024613220815752 0.09054726368159204 0.03909985935302385
2 0.14358761746821447 0.4941397093295828 0.0941680486456606 0.0349273323956868
4 0.2464759535655058 0.6458509142053446 0.2239635157545605 0.14833567744960155
4 0.35194859038142623 0.5400609470229724 0.21611387506909893 0.1334739803094233
4 0.3680486456605859 0.6559306141584622 0.14087893864013268 0.10932958274730421
8 0.708236594803759 0.2485700890764182 0.13582089552238796 0.05864978902953589
4 0.6640132669983416 0.27022972339428036 0.14016030956329462 0.08190342240975146
4 0.5905749032614704 0.31652601969057664 0.17802653399668325 0.10346929207688697
4 0.530583195135434 0.3774261603375527 0.17802653399668325 0.10346929207688708
4 0.44018794914317305 0.41760431317393343 0.17857932559425096 0.1245663384903892
4 0.44774737423991157 0.49242850445382086 0.17050856826976224 0.10126582278481013
4 0.43676064123825314 0.5717065166432255 0.11810392482034275 0.09428035630567272
4 0.5150221116639027 0.4958040318799813 0.11069651741293539 0.09629629629629619
4 0.578579325594251 0.4285278949835912 0.12929795467108904 0.09442100328176284
8 0.2317578772802653 0.7251758087201126 0.24831398562741844 0.08115330520393818
8 0.828800442233278 0.2913736521331458 0.12974018794914333 0.11129864041256442
8 0.6445964621337754 0.5975855602437882 0.10619126589275853 0.0667135489920301
2 0.5808319513543395 0.7281762775433662 0.052846876727473804 0.023863103609939096
