6 0.7393474842767296 0.3934386973180076 0.4193396226415093 0.46853448275862064
6 0.4583464360587002 0.62323595146871 0.5038784067085954 0.5398786717752234
2 0.2588050314465409 0.8076468710089401 0.031787211740041954 0.0943326947637291
2 0.3249475890985325 0.9097381864623244 0.027044025157232775 0.09192209450830155
2 0.3077044025157233 0.9473339719029374 0.026834381551362724 0.07468071519795672
2 0.2841719077568134 0.9529214559386974 0.029088050314465364 0.06618773946360153
2 0.3460167714884696 0.9441810344827587 0.023322851153039892 0.07664431673052362
2 0.15237159329140462 0.8856561302681992 0.030476939203354286 0.08349297573435509
2 0.20141509433962265 0.9401500638569604 0.030555555555555607 0.0899584929757344
2 0.0765985324947589 0.9134818007662835 0.036609014675052384 0.10320881226053645
