2 0.2784090909090909 0.09296875 0.08948863636363637 0.09765625
2 0.16761363636363635 0.205859375 0.09517045454545454 0.09375
2 0.03480113636363636 0.23125 0.06960227272727272 0.1109375
2 0.05752840909090909 0.2 0.11505681818181818 0.0984375
2 0.18678977272727273 0.303515625 0.1377840909090909 0.11953125
2 0.35014204545454547 0.51640625 0.12642045454545456 0.1078125
2 0.39488636363636365 0.410546875 0.08948863636363637 0.109375
2 0.44886363636363635 0.447265625 0.11221590909090909 0.078125
2 0.36576704545454547 0.2203125 0.12926136363636365 0.12265625
2 0.2791193181818182 0.1640625 0.09659090909090909 0.10390625
2 0.4666193181818182 0.153515625 0.11505681818181818 0.10859375
2 0.4588068181818182 0.203125 0.11647727272727272 0.115625
2 0.5873579545454546 0.255859375 0.09659090909090909 0.11875
2 0.7627840909090909 0.228125 0.09090909090909091 0.103125
2 0.7599431818181818 0.1640625 0.07528409090909091 0.09765625
2 0.7982954545454546 0.0765625 0.11221590909090909 0.10546875
2 0.9098011363636364 0.164453125 0.06960227272727272 0.1125
2 0.9680397727272727 0.182421875 0.06392045454545454 0.1140625
2 0.13139204545454544 0.66484375 0.1434659090909091 0.125
2 0.24928977272727273 0.78359375 0.10653409090909091 0.1328125
2 0.11647727272727272 0.815625 0.13352272727272727 0.13125
2 0.4559659090909091 0.755078125 0.10653409090909091 0.13515625
2 0.5625 0.746484375 0.11647727272727272 0.13671875
2 0.7620738636363636 0.91484375 0.10085227272727272 0.14453125
2 0.8977272727272727 0.84921875 0.12215909090909091 0.128125
2 0.9019886363636364 0.734375 0.13494318181818182 0.12890625
2 0.6931818181818182 0.646875 0.11505681818181818 0.13515625
2 0.8039772727272727 0.623828125 0.12642045454545456 0.13125
2 0.8998579545454546 0.596875 0.12215909090909091 0.109375
2 0.4630681818181818 0.601953125 0.10795454545454546 0.15234375
2 0.5696022727272727 0.616015625 0.1278409090909091 0.128125
2 0.6846590909090909 0.371484375 0.09232954545454546 0.10859375
2 0.6235795454545454 0.40546875 0.11363636363636363 0.09921875
2 0.6917613636363636 0.19453125 0.10227272727272728 0.1296875
2 0.8210227272727273 0.330078125 0.09801136363636363 0.07890625
