8 0.41745283018867924 0.765625 0.1945754716981132 0.17708333333333334
8 0.2841981132075472 0.603125 0.17570754716981132 0.1375
8 0.12323113207547169 0.34479166666666666 0.1214622641509434 0.09791666666666667
8 0.4498820754716981 0.4739583333333333 0.18632075471698112 0.125
8 0.6468160377358491 0.49166666666666664 0.18867924528301888 0.12083333333333333
8 0.9339622641509434 0.66875 0.1320754716981132 0.14166666666666666
8 0.6356132075471698 0.3927083333333333 0.1332547169811321 0.08958333333333333
2 0.2971698113207547 0.43645833333333334 0.015330188679245283 0.04791666666666667
8 0.04716981132075472 0.571875 0.09433962264150944 0.1625
8 0.9722877358490566 0.43125 0.055424528301886794 0.09791666666666667
