1 0.7390301318267419 0.4664149043303122 0.16610169491525423 0.630010070493454
2 0.7155053358443189 0.33595166163141993 0.1199623352165726 0.11822759315206442
2 0.601067168863779 0.3071500503524673 0.13066541117388578 0.14511581067472307
2 0.5290803515379786 0.3793051359516616 0.1513810420590081 0.16565961732124876
2 0.5920747018204645 0.36500503524672706 0.07489014438166987 0.10533736153071503
2 0.5955273069679848 0.44939577039274925 0.13364720652856266 0.16656596173212485
2 0.45960451977401134 0.4292044310171198 0.1524482109227872 0.17633434038267878
2 0.44198053986189584 0.5827291037260826 0.14240426867545505 0.18116817724068487
2 0.6649089767733836 0.456294058408862 0.07165725047080988 0.11248741188318233
2 0.649968612680477 0.6572004028197381 0.13939108600125552 0.19889224572004022
2 0.5030445699937226 0.7208459214501511 0.1200564971751413 0.24481369587109758
2 0.4981952291274326 0.8554380664652568 0.1387005649717513 0.1656596173212485
