8 0.40035377358490565 0.4709051724137931 0.04009433962264151 0.11206896551724138
8 0.388561320754717 0.3448275862068966 0.024764150943396228 0.07543103448275862
1 0.9375 0.6788793103448276 0.07311320754716981 0.07758620689655173
1 0.9699292452830188 0.6573275862068966 0.060141509433962265 0.07758620689655173
2 0.29009433962264153 0.39978448275862066 0.01061320754716981 0.036637931034482756
2 0.27299528301886794 0.4644396551724138 0.014150943396226415 0.04956896551724138
2 0.44457547169811323 0.5193965517241379 0.01179245283018868 0.04310344827586207
2 0.25471698113207547 0.49461206896551724 0.009433962264150943 0.04525862068965517
2 0.22641509433962265 0.44073275862068967 0.01061320754716981 0.036637931034482756
2 0.23643867924528303 0.5140086206896551 0.009433962264150943 0.023706896551724137
2 0.27181603773584906 0.5991379310344828 0.009433962264150943 0.03879310344827586
2 0.24233490566037735 0.4827586206896552 0.009433962264150943 0.036637931034482756
8 0.47995283018867924 0.90625 0.09198113207547169 0.1875
