1 0.1609375 0.7441451990632318 0.2078125 0.06908665105386416
2 0.1421875 0.6873536299765808 0.0421875 0.06323185011709602
2 0.115625 0.6399297423887588 0.0375 0.06440281030444965
4 0.34921875 0.5240046838407494 0.2171875 0.11007025761124122
4 0.16015625 0.4707259953161593 0.19375 0.10187353629976581
4 0.33828125 0.4490632318501171 0.1671875 0.06908665105386416
8 0.56015625 0.5193208430913349 0.25625 0.12295081967213115
1 0.7890625 0.6978922716627635 0.14375 0.09133489461358314
1 0.0265625 0.6651053864168618 0.053125 0.08548009367681499
6 0.90234375 0.5878220140515222 0.1953125 0.11475409836065574
2 0.82734375 0.5333723653395784 0.0375 0.05035128805620609
2 0.95390625 0.5368852459016393 0.0328125 0.03395784543325527
2 0.89140625 0.5245901639344263 0.034375 0.03747072599531616
2 0.86328125 0.5199063231850117 0.028125 0.04215456674473068
4 0.2 0.4028103044496487 0.14375 0.07611241217798595
4 0.0671875 0.430327868852459 0.134375 0.10421545667447307
4 0.06171875 0.36768149882903983 0.1234375 0.06440281030444965
1 0.196875 0.2529274004683841 0.1015625 0.0702576112412178
