6 0.4088495013023315 0.8125665420772455 0.05497109459373607 0.12351342167855937
6 0.4138237723143383 0.7301336504700419 0.053935582237469054 0.117351908483407
6 0.49560066069500036 0.753596103749009 0.0559176672384218 0.12661683089817657
6 0.4089511466869957 0.6318665760561786 0.046941109205260165 0.11240231056744829
6 0.41578362238739597 0.5150753199682864 0.046172415983736725 0.1154151092989014
6 0.42766977955657204 0.44602446483180436 0.042519534972365165 0.10758862838373534
6 0.6720221078711645 0.5500509683995922 0.04658535035893519 0.10016989466530761
4 0.34109967600533636 0.7645769622833843 0.05782351820087669 0.10381696681390876
6 0.292049425068293 0.7972080643334466 0.04893589987929615 0.09266055045871546
6 0.4034273553141478 0.951608336164911 0.07064354234165561 0.09678332767017783
6 0.521831522774919 0.9583644806886396 0.0863922241280732 0.0832710386227208
6 0.6875960866526903 0.3984992637897836 0.04835779175401804 0.07278287461773704
6 0.6928721174004193 0.33522482727375696 0.04804650276348401 0.06207951070336395
6 0.6748427672955974 0.29062747763053576 0.0419541325201703 0.058704270019254684
6 0.6273711962391207 0.16560765658624985 0.04750015882091361 0.072737569373655
6 0.5733434978717997 0.11834296069770077 0.053681468775808414 0.07917091403329934
6 0.5682898164030239 0.07060255974629062 0.04619782732990291 0.05740174425189716
6 0.6548059208436566 0.0935496658738249 0.061946509116320304 0.06892060255974629
6 0.68298392732355 0.06977007588628384 0.06719395209961242 0.043243855476271374
6 0.7360428181182899 0.12081209650016989 0.04709993011879809 0.05897610148374674
6 0.7444222095165491 0.0837354173745611 0.03911441458611253 0.04939404236040319
6 0.34396162886728926 0.5480348850379432 0.0627024966647608 0.09491448635179531
6 0.33575694047392163 0.6234058217238645 0.06901721618702754 0.10593498697474232
6 0.3560796645702306 0.4414769509570733 0.05042881646655228 0.08510590100804162
6 0.3604091226732736 0.3812153131724997 0.04849120132139008 0.07737003058103971
6 0.3424242424242424 0.33508891154151094 0.05598754844037863 0.07013251783893987
6 0.34239883107807634 0.2768943255181788 0.046286767041484 0.060459848227432285
6 0.3752302903246299 0.21124702684335714 0.05286830569849433 0.08065466077698498
6 0.296274061368401 0.23846981538113035 0.06984308493742457 0.07544455770755464
6 0.3080490438981005 0.1732415902140673 0.059151261038053474 0.06113942688866234
6 0.5576519916142557 0.77601653641409 0.05443745632424871 0.10516479782534836
6 0.578956228956229 0.309298901347831 0.06491963661774991 0.08281798618190057
6 0.27438218664633757 0.03133990259372522 0.0687313385426593 0.03721825801336505
6 0.7228448002032908 0.6484482953901914 0.04591830252207618 0.07723411484879385
6 0.3296296296296296 0.7011835995016423 0.048268852042436944 0.06972477064220187
