6 0.5360615883306321 0.4103746397694524 0.022690437601296597 0.04850037357241962
6 0.5380875202593193 0.36189027644359056 0.02593192868719611 0.05172376987938952
6 0.5632090761750406 0.30448820578503577 0.02025931928687196 0.07273988686092431
6 0.5247163695299838 0.27612338563347205 0.03403565640194489 0.06698687159782267
6 0.5401134521880064 0.23343473156153272 0.02188006482982172 0.04121037463976949
6 0.5259319286871961 0.20250827196072155 0.02674230145867099 0.059013768812039735
6 0.5198541329011345 0.06193830718326396 0.03727714748784441 0.09470594513822177
2 0.4692058346839546 0.31367275056035865 0.08670988654781199 0.07830077916533246
2 0.456645056726094 0.27320952075995303 0.03079416531604538 0.026299498345607897
2 0.46434359805510533 0.23997758565481908 0.03403565640194489 0.02808197246237591
2 0.4586709886547812 0.25714590671363 0.029983792544570502 0.021891343793361058
2 0.46677471636953 0.10499519692603267 0.02188006482982172 0.028242074927953883
2 0.4651539708265802 0.08715444551179422 0.02025931928687196 0.025189454584267284
2 0.48581847649918963 0.02157647561105775 0.02593192868719611 0.027228092645960076
2 0.48257698541329014 0.006238659408688231 0.02593192868719611 0.012477318817376463
8 0.5607779578606159 0.4185772227558971 0.02188006482982172 0.0570605187319885
6 0.5632090761750406 0.36860924324901273 0.02106969205834684 0.05121144198953994
6 0.5615883306320908 0.21892411143131604 0.019448946515397084 0.08274095421069484
6 0.5384927066450568 0.1485910983029139 0.029173419773095625 0.07223823246878001
2 0.45623987034035657 0.2912637421282954 0.03565640194489465 0.0268118262354574
