8 0.33608490566037735 0.578125 0.10495283018867925 0.14583333333333334
8 0.20872641509433962 0.47708333333333336 0.08372641509433962 0.11041666666666666
8 0.08726415094339622 0.3729166666666667 0.06485849056603774 0.08333333333333333
8 0.11969339622641509 0.3458333333333333 0.08254716981132075 0.0625
8 0.19516509433962265 0.36770833333333336 0.06132075471698113 0.08125
8 0.26002358490566035 0.41354166666666664 0.07193396226415094 0.08958333333333333
8 0.35082547169811323 0.46979166666666666 0.10023584905660378 0.11875
8 0.3455188679245283 0.303125 0.05778301886792453 0.0625
8 0.44634433962264153 0.42604166666666665 0.10377358490566038 0.10625
8 0.5153301886792453 0.378125 0.08136792452830188 0.08125
8 0.5595518867924528 0.4822916666666667 0.13797169811320756 0.12916666666666668
8 0.5283018867924528 0.5947916666666667 0.14622641509433962 0.16875
8 0.6992924528301887 0.46458333333333335 0.1179245283018868 0.10625
2 0.2954009433962264 0.3125 0.008254716981132075 0.029166666666666667
2 0.17747641509433962 0.2989583333333333 0.007075471698113208 0.027083333333333334
