2 0.036556603773584904 0.9543269230769231 0.07311320754716981 0.09134615384615384
2 0.05129716981132076 0.8509615384615384 0.10259433962264151 0.19471153846153846
2 0.05070754716981132 0.6911057692307693 0.0660377358490566 0.16346153846153846
2 0.12971698113207547 0.6334134615384616 0.08254716981132075 0.1201923076923077
2 0.10613207547169812 0.4639423076923077 0.05660377358490566 0.1346153846153846
2 0.16096698113207547 0.4639423076923077 0.07783018867924528 0.25721153846153844
2 0.2358490566037736 0.484375 0.06485849056603774 0.18269230769230768
2 0.24587264150943397 0.33653846153846156 0.07075471698113207 0.24759615384615385
2 0.3095518867924528 0.32572115384615385 0.060141509433962265 0.14903846153846154
2 0.3891509433962264 0.21754807692307693 0.0625 0.13701923076923078
2 0.5088443396226415 0.2439903846153846 0.06367924528301887 0.15384615384615385
2 0.5849056603773585 0.2403846153846154 0.09080188679245282 0.14182692307692307
2 0.6132075471698113 0.16466346153846154 0.0660377358490566 0.1875
2 0.6869103773584906 0.22956730769230768 0.12028301886792453 0.2692307692307692
2 0.6998820754716981 0.15264423076923078 0.09669811320754718 0.21634615384615385
2 0.7871462264150944 0.09134615384615384 0.07783018867924528 0.18269230769230768
2 0.8732311320754716 0.3701923076923077 0.07665094339622641 0.24519230769230768
2 0.5630896226415094 0.8966346153846154 0.06721698113207547 0.20673076923076922
