6 0.47346698113207547 0.6443965517241379 0.19339622641509435 0.28448275862068967
6 0.36851415094339623 0.4956896551724138 0.10849056603773585 0.15086206896551724
6 0.2965801886792453 0.4213362068965517 0.0660377358490566 0.09051724137931035
2 0.4345518867924528 0.43103448275862066 0.012971698113207548 0.04525862068965517
2 0.4498820754716981 0.4364224137931034 0.01179245283018868 0.05387931034482758
2 0.4846698113207547 0.44719827586206895 0.009433962264150943 0.05603448275862069
2 0.5324292452830188 0.4515086206896552 0.01179245283018868 0.05818965517241379
2 0.6132075471698113 0.48814655172413796 0.012971698113207548 0.06896551724137931
2 0.6326650943396226 0.5086206896551724 0.015330188679245283 0.07758620689655173
2 0.6692216981132075 0.509698275862069 0.015330188679245283 0.08189655172413793
2 0.6485849056603774 0.5150862068965517 0.015330188679245283 0.07758620689655173
2 0.6875 0.5086206896551724 0.014150943396226415 0.08189655172413793
2 0.7004716981132075 0.5129310344827587 0.015330188679245283 0.08189655172413793
2 0.7116745283018868 0.5193965517241379 0.01650943396226415 0.08189655172413793
2 0.7441037735849056 0.5441810344827587 0.018867924528301886 0.09051724137931035
2 0.7777122641509434 0.5959051724137931 0.024764150943396228 0.10775862068965517
2 0.8720518867924528 0.59375 0.02122641509433962 0.10129310344827586
2 0.8213443396226415 0.5732758620689655 0.020047169811320754 0.09913793103448276
2 0.8502358490566038 0.5678879310344828 0.01650943396226415 0.09482758620689655
2 0.9262971698113207 0.6142241379310345 0.02240566037735849 0.11422413793103449
2 0.9770047169811321 0.634698275862069 0.02830188679245283 0.11637931034482758
0 0.7558962264150944 0.8631465517241379 0.44693396226415094 0.27370689655172414
2 0.47110849056603776 0.44504310344827586 0.009433962264150943 0.05818965517241379
2 0.9492924528301887 0.5818965517241379 0.01650943396226415 0.10560344827586207
2 0.9846698113207547 0.5581896551724138 0.01768867924528302 0.0625
2 0.8867924528301887 0.5571120689655172 0.018867924528301886 0.09913793103448276
2 0.8390330188679245 0.5463362068965517 0.01179245283018868 0.09267241379310345
