8 0.6779083260806499 0.305726233145588 0.10966057441253264 0.25792797405700635
8 0.6390581181703897 0.5509899300221881 0.06691809302775358 0.16909028844512708
8 0.517092157431583 0.4707885304659498 0.08345421139154813 0.19126130739033967
8 0.35922541340295905 0.4563236047107015 0.1277922831447636 0.22515787677078
8 0.22326177352287016 0.46414063833418673 0.10888695483995743 0.1775217613927292
8 0.3034039261193308 0.6094640723672982 0.06972246397833863 0.11196449906127329
8 0.3575814718112368 0.6981822836661546 0.053283048061115904 0.09209762758149849
8 0.616042935886278 0.7520139955623827 0.08683879702156459 0.0859873698583374
8 0.6217725558456629 0.6855692097627583 0.054540179866550687 0.12205154463218974
8 0.5232327627888985 0.5858764294248165 0.07160816168649066 0.12590885816692282
8 0.5378590078328982 0.6689622802526027 0.04665893047094094 0.08919610855094726
8 0.5423798472101343 0.7298429766171701 0.04506334010250454 0.0821641918416111
2 0.48145730586983854 0.745826932923707 0.014505366985784708 0.03575695511179373
2 0.40071076298230346 0.6953917050691243 0.013199883957064082 0.035637480798771194
