8 0.6020047169811321 0.7583333333333333 0.2653301886792453 0.20208333333333334
8 0.4675707547169811 0.5375 0.20754716981132076 0.13541666666666666
8 0.8974056603773585 0.5239583333333333 0.20518867924528303 0.1375
8 0.8484669811320755 0.31145833333333334 0.14150943396226415 0.09375
8 0.5860849056603774 0.315625 0.12971698113207547 0.09166666666666666
8 0.4946933962264151 0.4041666666666667 0.18985849056603774 0.11458333333333333
8 0.3001179245283019 0.409375 0.18632075471698112 0.12708333333333333
8 0.19339622641509435 0.32395833333333335 0.12735849056603774 0.08958333333333333
8 0.08431603773584906 0.5604166666666667 0.16863207547169812 0.13125
8 0.9793632075471698 0.640625 0.041273584905660375 0.11458333333333333
2 0.3873820754716981 0.428125 0.01768867924528302 0.05416666666666667
2 0.41568396226415094 0.4125 0.01061320754716981 0.05625
