6 0.260546875 0.6548611111111111 0.30078125 0.1875
6 0.3 0.5451388888888888 0.24453125 0.12638888888888888
6 0.110546875 0.5708333333333333 0.22109375 0.15555555555555556
6 0.4921875 0.6465277777777778 0.275 0.19027777777777777
6 0.494140625 0.5493055555555556 0.2328125 0.14583333333333334
6 0.723828125 0.6423611111111112 0.265625 0.18472222222222223
6 0.692578125 0.5395833333333333 0.2328125 0.15138888888888888
6 0.883203125 0.5486111111111112 0.23203125 0.14444444444444443
6 0.903515625 0.6576388888888889 0.19296875 0.14444444444444443
5 0.321875 0.45555555555555555 0.16015625 0.1
5 0.3359375 0.39444444444444443 0.1359375 0.06388888888888888
5 0.34296875 0.3548611111111111 0.121875 0.05416666666666667
5 0.36640625 0.3125 0.096875 0.08611111111111111
5 0.552734375 0.44305555555555554 0.153125 0.10555555555555556
5 0.548046875 0.38680555555555557 0.1390625 0.075
5 0.5265625 0.30694444444444446 0.11640625 0.0763888888888889
5 0.763671875 0.4284722222222222 0.15859375 0.12083333333333333
5 0.726171875 0.3875 0.13046875 0.07361111111111111
5 0.701953125 0.3576388888888889 0.11953125 0.07222222222222222
5 0.6671875 0.30416666666666664 0.1125 0.07361111111111111
6 0.195703125 0.31875 0.121875 0.06388888888888888
6 0.222265625 0.2875 0.11640625 0.05
2 0.6484375 0.4951388888888889 0.021875 0.08055555555555556
2 0.758203125 0.2743055555555556 0.009375 0.043055555555555555
2 0.124609375 0.32569444444444445 0.009375 0.05138888888888889
6 0.174609375 0.8333333333333334 0.30390625 0.2388888888888889
6 0.453125 0.8270833333333333 0.2640625 0.20555555555555555
6 0.73359375 0.8298611111111112 0.27734375 0.23055555555555557
6 0.93359375 0.8076388888888889 0.1328125 0.21805555555555556
6 0.066796875 0.6847222222222222 0.13359375 0.16805555555555557
2 0.658984375 0.24097222222222223 0.01015625 0.027777777777777776
2 0.5453125 0.2298611111111111 0.0109375 0.034722222222222224
2 0.417578125 0.24305555555555555 0.01015625 0.03194444444444444
2 0.303125 0.21736111111111112 0.00703125 0.034722222222222224
2 0.36640625 0.1840277777777778 0.0140625 0.03194444444444444
2 0.2984375 0.18680555555555556 0.01015625 0.02638888888888889
2 0.226953125 0.24375 0.0140625 0.04027777777777778
2 0.137890625 0.3 0.0109375 0.03194444444444444
2 0.62109375 0.13194444444444445 0.00859375 0.02638888888888889
2 0.644921875 0.14583333333333334 0.009375 0.020833333333333332
2 0.59921875 0.17430555555555555 0.01171875 0.027777777777777776
2 0.58828125 0.15138888888888888 0.00859375 0.02361111111111111
2 0.86171875 0.5270833333333333 0.021875 0.05694444444444444
8 0.2640625 0.23472222222222222 0.06796875 0.04861111111111111
4 0.365234375 0.23125 0.078125 0.05
4 0.4859375 0.23680555555555555 0.07734375 0.0625
4 0.60078125 0.22847222222222222 0.08125 0.059722222222222225
4 0.4125 0.17569444444444443 0.06640625 0.041666666666666664
4 0.490625 0.1736111111111111 0.0640625 0.05277777777777778
