1 0.6599264705882353 0.775 0.22794117647058823 0.06458333333333334
1 0.14154411764705882 0.8927083333333333 0.1948529411764706 0.08541666666666667
1 0.12867647058823528 0.8208333333333333 0.22058823529411764 0.08541666666666667
1 0.43933823529411764 0.728125 0.10661764705882353 0.07916666666666666
2 0.5919117647058824 0.7395833333333334 0.051470588235294115 0.04583333333333333
2 0.5643382352941176 0.7010416666666667 0.04044117647058824 0.04791666666666667
4 0.8051470588235294 0.615625 0.22426470588235295 0.09791666666666667
4 0.6047794117647058 0.5770833333333333 0.1948529411764706 0.09791666666666667
4 0.7996323529411765 0.546875 0.16911764705882354 0.058333333333333334
8 0.04044117647058824 0.4375 0.08088235294117647 0.06666666666666667
4 0.08639705882352941 0.4583333333333333 0.11764705882352941 0.06458333333333334
4 0.1801470588235294 0.4895833333333333 0.15073529411764705 0.08125
4 0.29411764705882354 0.5104166666666666 0.15073529411764705 0.08125
4 0.3786764705882353 0.5520833333333334 0.1875 0.07708333333333334
4 0.5055147058823529 0.534375 0.14705882352941177 0.07708333333333334
4 0.6433823529411765 0.525 0.14705882352941177 0.04791666666666667
4 0.5 0.496875 0.15441176470588236 0.04375
4 0.37316176470588236 0.4739583333333333 0.14338235294117646 0.05416666666666667
8 0.9485294117647058 0.609375 0.10294117647058823 0.12916666666666668
8 0.0900735294117647 0.36354166666666665 0.1801470588235294 0.052083333333333336
8 0.6507352941176471 0.40625 0.09926470588235294 0.04791666666666667
2 0.8841911764705882 0.415625 0.029411764705882353 0.027083333333333334
