8 0.8333391567668297 0.44819619147449336 0.16120428604705347 0.08105345911949688
8 0.6904553924994177 0.47866439552760304 0.12853482413230846 0.06319007686932217
8 0.5756988120195667 0.5004411250873515 0.1125669694852085 0.059564989517819786
8 0.21604355928255295 0.572174178895877 0.06723736314931289 0.04045248078266948
1 0.592045189843932 0.18437281621243884 0.13010715117633362 0.06319881201956676
1 0.536617749825297 0.20117051013277432 0.12994409503843457 0.06084032145352902
1 0.4226007453994875 0.25775244584206847 0.12300256231073851 0.05137141858839971
1 0.3559457255998137 0.3004411250873515 0.08767761472163994 0.04056603773584903
8 0.941416259026322 0.4092767295597484 0.06564174237130216 0.06284067085953879
8 0.49233636151875143 0.5117749825296996 0.06333566270673188 0.05221872816212438
8 0.418570929419986 0.5208027603074773 0.07317726531563006 0.05816736547868627
8 0.3532611227579781 0.544033892382949 0.06889121826228749 0.041640461215932935
8 0.28963428837642674 0.5542976939203355 0.07179128814348942 0.03812019566736552
8 0.746785464709993 0.4943134171907757 0.08222688096901935 0.029926624737945447
8 0.6445667365478687 0.5167496505939903 0.0699743768926158 0.03457372466806432
8 0.5300139762403913 0.5355782669461915 0.06774982529699522 0.025131027253668788
8 0.4465699976706266 0.5480913696715584 0.06981132075471695 0.032215234102026584
8 0.3836477987421384 0.5595387840670859 0.06940368040996972 0.026319007686932246
8 0.8866876310272538 0.4614692522711391 0.13078266946191497 0.050235849056603665
