6 0.49472980203317285 0.18718518518518518 0.05323702514713763 0.1168677248677249
6 0.4943820224719101 0.2637830687830688 0.052220438737292624 0.1111111111111111
6 0.5722043873729267 0.25896296296296295 0.054146602461209226 0.11976719576719574
6 0.48488496522204394 0.3537460317460317 0.045639379347244616 0.10648677248677245
6 0.48456393793472446 0.46326455026455027 0.0449438202247191 0.10930158730158723
6 0.4914927768860354 0.5301746031746032 0.04226859283039046 0.10203174603174603
6 0.7253611556982343 0.4834867724867725 0.04521134296415207 0.09505820105820102
4 0.4287319422150882 0.21786243386243387 0.05575173889780634 0.09846560846560846
6 0.3850187265917603 0.17794179894179896 0.047298020331728245 0.08661375661375664
6 0.4978063135366506 0.05461904761904762 0.06773675762439815 0.09767195767195769
6 0.6096308186195827 0.05719047619047619 0.08287854467629747 0.11438095238095237
6 0.7315409309791332 0.627015873015873 0.04665596575708925 0.06947089947089938
6 0.7329588014981273 0.6863439153439154 0.045478865703584864 0.05942857142857146
6 0.7138576779026218 0.7238518518518519 0.03975387907972175 0.056275132275132235
6 0.6619315141787052 0.8296507936507935 0.04579989299090418 0.06799999999999987
6 0.6093097913322633 0.8632010582010581 0.05168539325842704 0.07543915343915354
6 0.6016586409844837 0.9058306878306878 0.04365971107544148 0.05362962962962943
6 0.6835205992509364 0.9015132275132276 0.059336543606206577 0.06586243386243365
6 0.7081861958266452 0.9374285714285715 0.06463349384697697 0.05758730158730162
6 0.7612092027822365 0.8931216931216932 0.04451578384162656 0.055100529100528935
6 0.7663456393793472 0.9336455026455025 0.03820224719101116 0.05761904761904783
6 0.4189673622257892 0.4187724867724868 0.06029962546816488 0.09157671957671953
6 0.4158908507223114 0.3473650793650794 0.06623863028357407 0.10044444444444448
6 0.42434456928838954 0.5194021164021163 0.04788657035848053 0.08094179894179888
6 0.4252541466024612 0.5758941798941799 0.046816479400749005 0.07375661375661366
6 0.40583199571963613 0.6155661375661376 0.05377207062600321 0.06699470899470887
6 0.40259497057249866 0.6686984126984127 0.04376672017121453 0.05648677248677245
6 0.429266987693954 0.7367142857142858 0.05093632958801501 0.0768253968253969
6 0.35733012306046014 0.6947037037037037 0.06677367576243984 0.07195767195767189
6 0.36452648475120386 0.758021164021164 0.055858747993579476 0.05855026455026453
6 0.6318084537185661 0.2508095238095238 0.05259497057249864 0.09972486772486767
6 0.6252273943285179 0.6870158730158731 0.062225789192081306 0.07884656084656073
6 0.3250133761369717 0.8946560846560846 0.06559657570893528 0.06191534391534398
6 0.7786249331193151 0.4026666666666667 0.04435527019796681 0.07220105820105817
6 0.4143659711075441 0.27444444444444444 0.04654895666131621 0.0666137566137566
