0 0.27782222222222225 0.34524959742351047 0.22097777777777777 0.16288244766505636
0 0.6197777777777779 0.620169082125604 0.17306666666666662 0.1141706924315619
0 0.7952 0.6898953301127214 0.19777777777777783 0.1233494363929147
2 0.5918222222222224 0.5469001610305958 0.09848888888888906 0.03236714975845416
2 0.5929777777777777 0.5610305958132045 0.11048888888888882 0.03260869565217391
2 0.33320000000000005 0.43643317230273754 0.10320000000000004 0.04114331723027375
2 0.3592444444444445 0.4130837359098229 0.07413333333333333 0.027536231884057887
2 0.34973333333333334 0.3944444444444445 0.05831111111111113 0.02938808373590973
2 0.7474666666666667 0.594524959742351 0.08266666666666651 0.034219001610306006
2 0.7466222222222223 0.6086151368760063 0.10684444444444444 0.03687600644122402
