1 0.190234375 0.37430555555555556 0.26875 0.25833333333333336
2 0.35 0.4270833333333333 0.04921875 0.20694444444444443
2 0.4078125 0.4284722222222222 0.04765625 0.2125
2 0.440625 0.3284722222222222 0.04375 0.15138888888888888
2 0.436328125 0.2465277777777778 0.034375 0.08888888888888889
2 0.50078125 0.27569444444444446 0.0515625 0.19027777777777777
2 0.459765625 0.28402777777777777 0.0359375 0.175
2 0.48125 0.8805555555555555 0.08046875 0.2388888888888889
2 0.401953125 0.9326388888888889 0.065625 0.13472222222222222
2 0.884375 0.3909722222222222 0.04296875 0.2
1 0.603515625 0.47638888888888886 0.35390625 0.2763888888888889
