2 0.9057593478646109 0.12831439393939392 0.04762833008447071 0.13428030303030303
2 0.9046074782916887 0.05392992424242424 0.04239470730698793 0.10691287878787879
2 0.6835961958768976 0.1742739898989899 0.04171539961013647 0.11395202020202021
2 0.6670890188434049 0.23303345959595959 0.04289089727686214 0.13674242424242422
2 0.5038631933368776 0.20694444444444446 0.03367003367003363 0.10905934343434343
2 0.4652194459212003 0.3277462121212121 0.03876188788469492 0.12790404040404038
2 0.4449908441136511 0.3229640151515152 0.04509421702404157 0.12556818181818177
2 0.41329670978793787 0.28929924242424243 0.05637663181522839 0.13355429292929297
2 0.45296237226061786 0.25069444444444444 0.029913166755272072 0.07471590909090912
2 0.6430385728631344 0.4101325757575758 0.06087778368480126 0.11688762626262626
2 0.6474393053340421 0.3849589646464647 0.06160434756925983 0.11268939393939399
2 0.5446187016362455 0.5576546717171716 0.05710319569968695 0.12935606060606053
2 0.5681020733652312 0.5104008838383838 0.062165514797093716 0.09854797979797975
2 0.5689526847421584 0.4592645202020202 0.05904660641502749 0.10255681818181825
2 0.5575698505523067 0.4254103535353536 0.0643924626380767 0.08879419191919201
2 0.3855484671274145 0.6886994949494949 0.07888829818654375 0.09845328282828286
2 0.5020290625553784 0.6284090909090909 0.06253765727449938 0.07304292929292928
2 0.3343582019020616 0.7019728535353535 0.07946127946127941 0.18077651515151513
2 0.2766170476696792 0.8696811868686868 0.06749364994979035 0.13159722222222248
2 0.2774853801169591 0.386584595959596 0.044367653139583005 0.12976641414141407
8 0.5746234272550063 0.6928819444444444 0.5111938094394234 0.47313762626262634
8 0.4610284127827987 0.8430239898989899 0.5550062023746233 0.2822601010101012
