6 0.4979903198653199 0.45117737545852565 0.06035353535353526 0.06803928529168149
6 0.4846380471380472 0.40778606082120455 0.054924242424242535 0.07273695420660271
2 0.5207491582491582 0.26209324340314755 0.04621212121212117 0.015134303632706155
2 0.6406039562289562 0.2808780026032422 0.05189393939393935 0.015228966986155437
2 0.6376262626262627 0.31040705241983196 0.04922138047138056 0.01837652348834458
2 0.6201809764309765 0.3716719914802982 0.05189393939393935 0.015228966986155437
2 0.5784722222222222 0.5156727014554491 0.03777356902356905 0.01658975269198924
2 0.5704440235690236 0.5331262572476629 0.0518097643097642 0.013631522896698568
2 0.46526725589225587 0.5865341379718377 0.03167087542087543 0.008507868891255524
2 0.5611005892255893 0.6025204117855876 0.04595959595959604 0.010341971364335458
2 0.5191498316498318 0.616211099278192 0.040446127946127834 0.013442196189800188
2 0.5054819023569024 0.6327712696722282 0.037268518518518465 0.007005088155248026
2 0.5087015993265993 0.6256301029463969 0.04027777777777786 0.010247308010886268
2 0.5497474747474748 0.6830730091113477 0.04328703703703693 0.01348952786652451
2 0.5469802188552189 0.7086084487042954 0.0402777777777777 0.010247308010886268
2 0.5398253367003367 0.7364690569163413 0.04337121212121208 0.015086971955981378
