8 0.5830068103367851 0.22456903908516812 0.38515719749976673 0.44913807817033624
6 0.4077572534751376 0.41379928315412184 0.25081630749137046 0.7160095579450417
2 0.28241906894299845 0.7361921829663766 0.04123518984979945 0.049906127325482066
2 0.2877833753148615 0.6583461341525858 0.046319619367478304 0.05268817204301077
2 0.31975930590540164 0.5860556408943506 0.042494635693628095 0.050025601638504856
2 0.2595857822558075 0.5432838368322239 0.04109525142270733 0.04299368492916883
2 0.24295643250303198 0.1893411845024748 0.047532419068943024 0.05050349889059565
2 0.23355723481668067 0.2860385731353473 0.050004664614236395 0.048438300051203316
2 0.23808191062599124 0.35371223758320536 0.04258792797835622 0.05463389656938043
2 0.2580931057001586 0.37605393411845023 0.050191249183692506 0.05765488991295447
