2 0.2651660280970626 0.5770090845562544 0.06226053639846736 0.017933263452131303
2 0.32556673052362706 0.5673261705101328 0.07075351213282242 0.0167889587700908
2 0.45749521072796934 0.5909765897973445 0.06847062579821198 0.01560097833682734
2 0.6032327586206896 0.6027734102026554 0.05972222222222222 0.014386792452830243
2 0.6622765006385696 0.5606525157232705 0.05820561941251598 0.020274283717679992
2 0.7001995530012771 0.5026904262753319 0.04894636015325694 0.014343116701607286
2 0.7463840996168581 0.47123951781970647 0.044252873563218324 0.0107879105520615
2 0.8270753512132824 0.4697327044025157 0.03981481481481465 0.00959119496855345
2 0.8638649425287356 0.5008473095737247 0.03537675606641121 0.0083944793850454
2 0.9426883780332056 0.5418195317959469 0.03981481481481465 0.009591194968553584
2 0.9824433269476373 0.5623034591194969 0.03511334610472555 0.009573724668064401
1 0.8215437420178799 0.6874213836477988 0.07610153256704985 0.046278825995807224
