1 0.9673862982153139 0.617798841495524 0.044415659182498415 0.09599789362822554
8 0.4328439838802533 0.5546603475513429 0.12813279600844374 0.3041600842548711
8 0.4045864517367109 0.17793575566087413 0.045768566493955 0.11032122169562925
8 0.4126799078871618 0.09791995787256451 0.035300326232968686 0.08341232227488152
2 0.20687488006140856 0.716350710900474 0.03406255996929573 0.09752501316482362
2 0.25885626559201685 0.6706687730384413 0.028842832469775457 0.08762506582411791
2 0.45205814622913065 0.28659820958399157 0.0157455382843984 0.05102685624012638
2 0.29342256764536556 0.1289362822538178 0.017021684897332565 0.04639283833596631
2 0.2647524467472654 0.1739073196419168 0.0196315486470927 0.05134281200631916
2 0.2441757819996162 0.29876250658241177 0.015774323546344306 0.05813586097946287
2 0.24199289963538667 0.19826224328593997 0.0157455382843984 0.05102685624012638
