6 0.2694575471698113 0.5991379310344828 0.14622641509433962 0.1853448275862069
6 0.6827830188679245 0.3890086206896552 0.19693396226415094 0.15732758620689655
6 0.9386792452830188 0.2607758620689655 0.12264150943396226 0.14224137931034483
2 0.5477594339622641 0.9331896551724138 0.03891509433962264 0.11422413793103449
2 0.9463443396226415 0.6799568965517241 0.020047169811320754 0.07758620689655173
2 0.6698113207547169 0.9515086206896551 0.024764150943396228 0.07327586206896551
2 0.47700471698113206 0.2521551724137931 0.01179245283018868 0.06465517241379311
1 0.3714622641509434 0.35344827586206895 0.04716981132075472 0.07758620689655173
1 0.3408018867924528 0.27370689655172414 0.07900943396226415 0.09482758620689655
1 0.33549528301886794 0.20797413793103448 0.06721698113207547 0.07327586206896551
1 0.4581367924528302 0.7974137931034483 0.12617924528301888 0.11206896551724138
1 0.4699292452830189 0.9385775862068966 0.14622641509433962 0.12284482758620689
1 0.6002358490566038 0.8609913793103449 0.12853773584905662 0.1314655172413793
1 0.660377358490566 0.7920258620689655 0.14386792452830188 0.15517241379310345
1 0.8119103773584906 0.7198275862068966 0.1332547169811321 0.10560344827586207
1 0.8384433962264151 0.6185344827586207 0.08608490566037735 0.09698275862068965
1 0.2482311320754717 0.3911637931034483 0.04834905660377359 0.09267241379310345
2 0.08785377358490566 0.36745689655172414 0.01768867924528302 0.08189655172413793
