2 0.065234375 0.3527777777777778 0.03125 0.11944444444444445
2 0.058984375 0.28125 0.0296875 0.09305555555555556
2 0.280859375 0.3 0.028125 0.1
2 0.30234375 0.34930555555555554 0.02578125 0.12361111111111112
2 0.4546875 0.25277777777777777 0.0203125 0.09861111111111111
2 0.503515625 0.35208333333333336 0.02265625 0.11666666666666667
2 0.522265625 0.3388888888888889 0.0296875 0.1111111111111111
2 0.54921875 0.2923611111111111 0.040625 0.11388888888888889
2 0.507421875 0.27291666666666664 0.02109375 0.06388888888888888
2 0.342578125 0.5097222222222222 0.04765625 0.09444444444444444
2 0.3359375 0.4875 0.04921875 0.08888888888888889
2 0.45078125 0.6083333333333333 0.0421875 0.10833333333333334
2 0.423828125 0.5736111111111111 0.0515625 0.07361111111111111
2 0.41796875 0.5243055555555556 0.0484375 0.07916666666666666
2 0.425390625 0.48680555555555555 0.05546875 0.0625
2 0.61484375 0.6652777777777777 0.06953125 0.06666666666666667
2 0.498046875 0.6583333333333333 0.05546875 0.04722222222222222
2 0.66484375 0.6555555555555556 0.05859375 0.1527777777777778
2 0.7359375 0.7916666666666666 0.05234375 0.10694444444444444
2 0.6875 0.3263888888888889 0.02890625 0.11527777777777778
8 0.435546875 0.7520833333333333 0.47421875 0.25416666666666665
8 0.56484375 0.9131944444444444 0.53359375 0.1736111111111111
