8 0.33828125 0.41920374707259955 0.0953125 0.053864168618266976
8 0.42890625 0.4449648711943794 0.1015625 0.06088992974238876
8 0.51796875 0.46604215456674475 0.1125 0.06908665105386416
8 0.63515625 0.5035128805620609 0.11875 0.07259953161592506
1 0.696875 0.5333723653395784 0.078125 0.04800936768149883
8 0.8109375 0.5468384074941453 0.1390625 0.07962529274004684
4 0.89609375 0.5784543325526932 0.140625 0.08430913348946135
8 0.8234375 0.4414519906323185 0.3046875 0.08430913348946135
6 0.1828125 0.38992974238875877 0.09375 0.059718969555035126
6 0.08046875 0.35772833723653397 0.0828125 0.04918032786885246
6 0.01953125 0.3261124121779859 0.0390625 0.04918032786885246
