2 0.9323110034974442 0.6241297091082498 0.02284100080710265 0.08397711015736765
8 0.7090126446058649 0.7290096963916707 0.1454936776970677 0.11562549674137661
8 0.5591471616895346 0.7513670322683198 0.1137207425343018 0.09160705770147826
8 0.48848533763788005 0.6685900492767446 0.16663976324993268 0.16096010173263395
8 0.4352031207963411 0.7647989190907647 0.0930589184826473 0.08489906215228102
8 0.3362927091740651 0.6984899062152282 0.13123486682808713 0.1368939755205851
8 0.19932741458165187 0.7357017962168176 0.09838579499596446 0.12358925449054207
8 0.0386333064299166 0.6186933714830711 0.06542910949690611 0.2948020982355745
8 0.2832795264998655 0.7678667938324591 0.08208232445520583 0.07831823239548573
8 0.20135862254506323 0.8011365442695915 0.047780468119451136 0.04568431092036243
8 0.316195856873823 0.7856779526307422 0.06502555824589723 0.06951200127165787
