6 0.5132635094110504 0.5173469387755102 0.020667880995749895 0.044703595724003994
6 0.5134699453551913 0.5662293488824102 0.02312689738919252 0.04499514091350827
6 0.4963023679417122 0.6517006802721088 0.028117789921068715 0.06307094266277938
6 0.495197328476017 0.7201166180758017 0.026448087431693978 0.05558794946550031
6 0.4843655130540376 0.8595724003887268 0.03393442622950827 0.08270165208940722
6 0.5361748633879782 0.6279883381924198 0.016684881602914436 0.07191448007774544
2 0.44118093503339406 0.595578231292517 0.08548269581056457 0.06695821185617096
2 0.4342774741955069 0.677891156462585 0.033703703703703784 0.02730806608357631
2 0.42784456587735276 0.6472303206997084 0.02959319975713425 0.02390670553935857
2 0.4296508803885853 0.8042274052478134 0.014839101396478326 0.022157434402332095
2 0.4250546448087431 0.8248299319727892 0.015658773527625867 0.02225461613216713
2 0.44936854887674565 0.8940719144800778 0.024675166970248817 0.023323615160349854
2 0.44559805707346684 0.9133138969873663 0.025482695810564723 0.020505344995140826
2 0.41404978749241045 0.996938775510204 0.02959319975713425 0.006122448979591903
2 0.487762598664238 0.929980563654033 0.01726168791742566 0.013702623906705671
2 0.4446326654523376 0.9482021379980564 0.027140255009107446 0.025072886297375828
2 0.44795385549483907 0.9383867832847425 0.026326654523375913 0.026433430515062993
6 0.5313479052823314 0.7039844509232265 0.020801457194899786 0.07677356656948488
6 0.5389131754705525 0.5612244897959183 0.018239222829386743 0.05170068027210889
6 0.5031906496660595 0.7699222546161323 0.023952641165755878 0.046550048590865006
2 0.487701882210079 0.9445578231292517 0.019720704310868285 0.01399416909620978
