8 0.5765625 0.6395833333333333 0.45703125 0.33194444444444443
8 0.19140625 0.5270833333333333 0.3828125 0.31527777777777777
8 0.166015625 0.3090277777777778 0.33203125 0.15833333333333333
8 0.42734375 0.28958333333333336 0.3015625 0.22361111111111112
2 0.85234375 0.7027777777777777 0.02890625 0.19166666666666668
2 0.87421875 0.6618055555555555 0.02265625 0.10833333333333334
2 0.7328125 0.24166666666666667 0.01875 0.1
2 0.796484375 0.32916666666666666 0.02109375 0.09583333333333334
2 0.7859375 0.3104166666666667 0.015625 0.11666666666666667
2 0.63125 0.22916666666666666 0.0203125 0.08888888888888889
2 0.566796875 0.22291666666666668 0.01640625 0.09166666666666666
2 0.248046875 0.19444444444444445 0.0234375 0.08194444444444444
8 0.56640625 0.39305555555555555 0.35 0.17916666666666667
8 0.505859375 0.9145833333333333 0.50703125 0.17083333333333334
6 0.878125 0.4465277777777778 0.24375 0.17777777777777778
