6 0.5989583333333334 0.6907407407407408 0.1375 0.13703703703703704
2 0.51328125 0.7842592592592592 0.0125 0.053703703703703705
2 0.5463541666666667 0.8018518518518518 0.0109375 0.05462962962962963
2 0.56640625 0.8152777777777778 0.013541666666666667 0.049074074074074076
2 0.5911458333333334 0.8078703703703703 0.009895833333333333 0.03333333333333333
2 0.6111979166666667 0.8319444444444445 0.011458333333333333 0.02962962962962963
2 0.6263020833333334 0.7962962962962963 0.0140625 0.041666666666666664
2 0.6348958333333333 0.763425925925926 0.0109375 0.03796296296296296
2 0.6020833333333333 0.7712962962962963 0.010416666666666666 0.046296296296296294
2 0.6130208333333333 0.763425925925926 0.011458333333333333 0.04537037037037037
2 0.5729166666666666 0.7703703703703704 0.018229166666666668 0.044444444444444446
2 0.5893229166666667 0.8523148148148149 0.013541666666666667 0.03425925925925926
2 0.44296875 0.6472222222222223 0.0125 0.03888888888888889
