6 0.4780403537866224 0.24788720538720538 0.10154781647318954 0.19686868686868683
2 0.17765339966832502 0.15166666666666667 0.029795467108899902 0.10296296296296294
2 0.1179933665008292 0.18547138047138048 0.02562189054726371 0.08437710437710434
2 0.10692371475953566 0.16616161616161618 0.025787728026534014 0.09119528619528616
2 0.0917910447761194 0.1336195286195286 0.02957435046987285 0.09387205387205387
2 0.06976229961304588 0.09954545454545453 0.03618021006080709 0.11045454545454544
2 0.045702045328911006 0.058855218855218855 0.03120508568269762 0.10991582491582491
2 0.056978993919292426 0.1635942760942761 0.02512437810945274 0.06392255892255895
2 0.0716694306246545 0.17795454545454548 0.02556661138750693 0.08210437710437707
2 0.03870923161967938 0.13025252525252526 0.022747374239911557 0.06819865319865318
0 0.4751381978993919 0.38492424242424245 0.0652846876727473 0.13400673400673394
1 0.4383084577114428 0.4857575757575758 0.030956329463792183 0.048686868686868674
6 0.5003040353786622 0.4710690235690235 0.042426755113322244 0.061262626262626185
6 0.4883084577114428 0.43932659932659934 0.05157545605306803 0.08038720538720528
