2 0.06133380215658696 0.6131494341563786 0.11793248945147679 0.06345164609053494
2 0.13135255508673233 0.3487204218106996 0.21947960618846693 0.08510802469135806
2 0.2435067979371777 0.24452160493827158 0.19974214721050168 0.029398148148148156
2 0.34791373652133145 0.5969328703703703 0.24167838724800744 0.0887602880658436
2 0.49724566338490384 0.43427854938271604 0.16851851851851843 0.060390946502057515
2 0.36442803563056725 0.4284143518518519 0.10857946554149084 0.07379115226337449
2 0.8261603375527427 0.32918595679012347 0.20325832161275184 0.05546553497942389
2 0.7490857946554149 0.2959619341563786 0.21284575714955456 0.062487139917695465
2 0.598441162681669 0.3214891975308642 0.14627285513361465 0.05326646090534975
2 0.9325597749648382 0.6512024176954733 0.11786216596343205 0.05824331275720161
2 0.6549812470698547 0.4694508744855967 0.18490389123300516 0.10218621399176955
2 0.6388537271448664 0.37497427983539094 0.19388185654008433 0.06406893004115233
