2 0.9409758203799655 0.23912404467960022 0.10561312607944728 0.309092690574172
2 0.9348445595854923 0.34786400156770525 0.11113989637305723 0.3202233980011759
2 0.8809585492227978 0.3377523025671174 0.13687392055267683 0.396766607877719
2 0.8884715025906735 0.6216833235351754 0.11398963730569948 0.3284342543601803
2 0.8066062176165804 0.6382618067803253 0.13169257340241777 0.35667254556143435
2 0.7410621761658029 0.5898393102096806 0.13808290155440403 0.3151675485008818
2 0.7009930915371331 0.7298549872623946 0.1279792746113992 0.32200666274740347
2 0.6319516407599309 0.6699392514207329 0.12279792746113984 0.3214579659024104
2 0.5303972366148533 0.755829903978052 0.1261658031088084 0.30599647266313923
2 0.40496545768566494 0.6438859494415049 0.14283246977547492 0.34203409758965314
2 0.3165371329879102 0.6242504409171075 0.183419689119171 0.3595140113658633
2 0.30833333333333335 0.7767097785616305 0.1664075993091537 0.3128943758573388
2 0.2223229706390328 0.683000195963159 0.17815198618307423 0.3563198118753674
2 0.19978411053540585 0.740750538898687 0.13981001727115716 0.28898687046835186
2 0.11101036269430052 0.7712424064275917 0.10189982728842831 0.15579071134626696
2 0.05509499136442141 0.4614638447971781 0.11018998272884283 0.3188124632569077
2 0.4367875647668394 0.09245541838134431 0.183419689119171 0.18491083676268863
