0 0.3366757741347905 0.753514739229025 0.17681845780206437 0.29494655004859077
2 0.5682817243472982 0.7689018464528669 0.032440801457194905 0.12921930677032709
2 0.558551912568306 0.7863783608681567 0.028415300546447964 0.13326854551344347
2 0.4764723740133576 0.9097991577583415 0.016618093503339492 0.06391318432134757
2 0.34978142076502733 0.9275186264982184 0.027710989678202853 0.09099449303530935
2 0.24902246508803882 0.7188532555879494 0.041147540983606595 0.16047942986718508
2 0.31774741955069824 0.288581146744412 0.09733454766241653 0.29011985746679625
1 0.15848208864602306 0.26038224813735017 0.3169641772920461 0.3924846128927762
1 0.4348330297510626 0.8473922902494332 0.1478931390406801 0.1310657596371881
1 0.4667911353976928 0.9243602202785876 0.11799635701275042 0.1054097829608034
