6 0.4504753086419753 0.15596768875700626 0.16238271604938273 0.3119353775140125
6 0.5123333333333333 0.174211451807891 0.1303333333333334 0.348422903615782
6 0.40537962962962965 0.44069128475656666 0.19596913580246914 0.5595779756017145
6 0.46071604938271604 0.46665567644796124 0.15633950617283954 0.46959006484229027
6 0.35186419753086423 0.785273106934828 0.16126543209876548 0.36743598197604144
6 0.4136018518518519 0.7940213210242885 0.14607407407407408 0.3863061874931312
5 0.5668425925925926 0.16738103088251455 0.1073333333333333 0.32302450818771294
5 0.5975679012345678 0.2073359709858226 0.07888888888888876 0.2689086712825586
5 0.6184691358024691 0.22976151225409386 0.06878395061728383 0.2404769754918123
5 0.635858024691358 0.28266842510165957 0.08 0.20223101439718652
5 0.5041882716049383 0.5989229585668754 0.10860493827160496 0.31119903286075395
5 0.538182098765432 0.6032146389713156 0.0866851851851853 0.2780085723705901
5 0.5905401234567901 0.5810803384987361 0.08030246913580243 0.2363336630398945
5 0.46136728395061727 0.9098692163974063 0.09430246913580238 0.15665457742609096
5 0.48766975308641974 0.8950928673480604 0.07357407407407399 0.1842729970326407
5 0.5089722222222222 0.8804484009231783 0.07784567901234557 0.2125508297615124
5 0.5497654320987654 0.8430541817782173 0.07750617283950609 0.22736564457632719
6 0.6827191358024691 0.08798219584569733 0.04311111111111112 0.09452687108473458
2 0.4453734567901234 0.7650181338608639 0.05447530864197536 0.06073194856577655
6 0.35910185185185184 0.06083635564347731 0.16512962962962963 0.12167271128695462
6 0.31298148148148147 0.327503022310144 0.20125925925925922 0.5434113638861413
6 0.24285493827160493 0.7459006484229036 0.1872469135802469 0.37256841411144076
2 0.5889320987654321 0.8420211012199142 0.01917283950617275 0.02570612155181893
2 0.6295956790123457 0.6334157599736234 0.024271604938271595 0.028805363226728196
2 0.6604876543209877 0.393197054621387 0.02172222222222217 0.027255742389273478
2 0.7098271604938272 0.18658643807011757 0.022358024691358197 0.021343004725794035
2 0.7098456790123456 0.3111056160017584 0.022802469135802615 0.03469612045279696
2 0.7286265432098766 0.1846081987031542 0.018339506172839415 0.025684141114408206
2 0.6628888888888889 0.7963402571711178 0.018240740740740762 0.022716782063963104
2 0.6478055555555555 0.8367622815694032 0.014907407407407428 0.022628860314320216
2 0.645425925925926 0.7456588636113858 0.020104938271604925 0.028695461039674755
2 0.6617530864197531 0.7304044400483569 0.016574074074074095 0.02267282118914166
8 0.7101141975308642 0.11542477195296187 0.047481481481481375 0.125772062864051
4 0.6827901234567901 0.2984778547093087 0.0535679012345679 0.15854489504341138
4 0.643324074074074 0.5211341905703923 0.060283950617283984 0.16020441806791968
4 0.6136635802469136 0.7368611935377514 0.05964814814814815 0.166117155731399
4 0.700682098765432 0.3988075612704693 0.04444444444444457 0.1345862182657435
4 0.6783425925925927 0.5446697439279042 0.05017901234567906 0.13177272227717327
