2 0.26704545454545453 0.587890625 0.11789772727272728 0.090625
2 0.3359375 0.508984375 0.11789772727272728 0.0828125
2 0.3955965909090909 0.519921875 0.140625 0.06484375
2 0.4367897727272727 0.6046875 0.125 0.1359375
2 0.6242897727272727 0.803515625 0.15056818181818182 0.11640625
2 0.8025568181818182 0.826953125 0.16193181818181818 0.13984375
2 0.8920454545454546 0.59921875 0.12215909090909091 0.11015625
2 0.6221590909090909 0.50546875 0.12073863636363637 0.12265625
2 0.7379261363636364 0.42109375 0.09801136363636363 0.1171875
2 0.6619318181818182 0.373046875 0.10369318181818182 0.1140625
2 0.5291193181818182 0.07890625 0.11363636363636363 0.0984375
2 0.7024147727272727 0.117578125 0.109375 0.1046875
2 0.7734375 0.16875 0.06392045454545454 0.10859375
2 0.8224431818181818 0.098828125 0.08096590909090909 0.1109375
2 0.9119318181818182 0.099609375 0.08664772727272728 0.1078125
2 0.6598011363636364 0.0453125 0.07102272727272728 0.090625
