8 0.4248525889073153 0.6814977973568281 0.11850009213193291 0.2092511013215859
8 0.4750322461765248 0.8798091042584435 0.08431914501566236 0.150367107195301
8 0.5128616178367422 0.9841409691629956 0.06279712548369257 0.03171806167400876
8 0.538032061912659 0.9770925110132159 0.053436521098212605 0.045814977973568184
8 0.5462870831030036 0.9147577092511013 0.05423806891468587 0.10293685756240825
8 0.5333932190897366 0.8336270190895743 0.06331306430808922 0.11497797356828204
8 0.5140362999815736 0.7030837004405286 0.09003132485719546 0.1729809104258443
8 0.4839367974940114 0.5204111600587372 0.11550580431177447 0.23083700440528637
8 0.5602082181684171 0.5360499265785609 0.08659480375898292 0.18135095447870775
8 0.5512529942878202 0.3558737151248164 0.1119955776672195 0.23700440528634367
8 0.6070941588354524 0.4409691629955947 0.06954118297401884 0.1530102790014685
8 0.6151603095632946 0.6663729809104257 0.049336650082918834 0.1045521292217328
8 0.5920490141883177 0.18157121879588842 0.09332964805601611 0.19750367107195305
2 0.5792150359314538 0.9009544787077826 0.01558872305140958 0.021585903083700342
2 0.5999631472268289 0.7287077826725403 0.02188133407038882 0.024522760646108647
