8 0.5068351806794629 0.35450989782886333 0.11109308822204189 0.20186781609195406
8 0.4079120483013427 0.22697956577266923 0.07901234567901243 0.14508301404853136
8 0.332972875551951 0.13287835249042146 0.059259259259259255 0.10881226053639848
8 0.3112913400018023 0.15672892720306514 0.04605749301613049 0.12913473818646232
8 0.3382490763269352 0.255036717752235 0.05067135261782472 0.09940932311621964
8 0.37278093178336486 0.31420019157088125 0.059277282148328385 0.11096743295019156
8 0.4276921690546995 0.411845466155811 0.08405875461836528 0.16708173690932304
8 0.5053708209425971 0.5428081098339719 0.10762368207623686 0.22308429118773937
8 0.43893845183382896 0.5937739463601532 0.08048121113814545 0.17536717752234984
8 0.49851311165179785 0.740301724137931 0.10402811570694791 0.2292145593869733
8 0.4283995674506623 0.7144795657726692 0.06444985131116515 0.14805236270753508
8 0.35510948905109485 0.5268518518518518 0.04582319545823205 0.10111749680715196
8 0.5177930972334865 0.9147190293742018 0.0905560061277823 0.17056194125159643
2 0.3154861674326394 0.29493933588761173 0.014760746147607452 0.020737547892720393
2 0.349693610885825 0.46067209450830143 0.020861494097503836 0.02345146871008944
