6 0.26180555555555557 0.5395833333333333 0.0875 0.058333333333333334
6 0.08680555555555555 0.46041666666666664 0.07222222222222222 0.044444444444444446
1 0.20347222222222222 0.40555555555555556 0.041666666666666664 0.022222222222222223
1 0.5138888888888888 0.4965277777777778 0.04722222222222222 0.02638888888888889
1 0.8965277777777778 0.66875 0.06527777777777778 0.04027777777777778
1 0.15138888888888888 0.8680555555555556 0.09444444444444444 0.05416666666666667
1 0.027777777777777776 0.7576388888888889 0.05555555555555555 0.04027777777777778
8 0.09930555555555555 0.8159722222222222 0.13472222222222222 0.09861111111111111
8 0.22708333333333333 0.9263888888888889 0.22083333333333333 0.14305555555555555
1 0.4951388888888889 0.4576388888888889 0.06944444444444445 0.044444444444444446
