5 0.4513020833333333 0.5814814814814815 0.46927083333333336 0.2564814814814815
2 0.5375 0.5675925925925925 0.03333333333333333 0.16944444444444445
1 0.51875 0.16898148148148148 0.08958333333333333 0.062037037037037036
2 0.5940104166666667 0.21805555555555556 0.016145833333333335 0.07314814814814814
2 0.6596354166666667 0.1537037037037037 0.011979166666666667 0.053703703703703705
2 0.6791666666666667 0.22777777777777777 0.018229166666666668 0.08333333333333333
2 0.6932291666666667 0.25416666666666665 0.015104166666666667 0.08703703703703704
2 0.7192708333333333 0.2564814814814815 0.021875 0.09259259259259259
2 0.70546875 0.21481481481481482 0.018229166666666668 0.07222222222222222
2 0.7174479166666666 0.19027777777777777 0.019270833333333334 0.06481481481481481
2 0.76328125 0.20462962962962963 0.0234375 0.06388888888888888
2 0.8447916666666667 0.20833333333333334 0.025520833333333333 0.07314814814814814
2 0.94921875 0.2351851851851852 0.035416666666666666 0.0824074074074074
2 0.9393229166666667 0.36712962962962964 0.030729166666666665 0.07592592592592592
2 0.7424479166666667 0.36342592592592593 0.0296875 0.07037037037037037
2 0.771875 0.14629629629629629 0.0171875 0.06296296296296296
2 0.7919270833333333 0.18518518518518517 0.0171875 0.030555555555555555
2 0.7903645833333334 0.1486111111111111 0.014583333333333334 0.05648148148148148
2 0.79921875 0.1449074074074074 0.0140625 0.06018518518518518
2 0.809375 0.15 0.015104166666666667 0.058333333333333334
2 0.87890625 0.15694444444444444 0.009895833333333333 0.04537037037037037
