6 0.312140350877193 0.3190248300735192 0.1505614035087719 0.14904286308780693
2 0.12356140350877193 0.24205853793868776 0.019578947368421078 0.04588708558746012
2 0.12698245614035086 0.3399986128450548 0.010596491228070172 0.03046192259675403
2 0.17435087719298245 0.23237272853377722 0.0205614035087719 0.058087113330559
2 0.20073684210526316 0.257147315855181 0.0177894736842105 0.054203079483978386
2 0.27701754385964916 0.1979920932168123 0.01978947368421048 0.05150506311555001
2 0.32435087719298245 0.24549174642807606 0.021192982456140343 0.032889443750866956
2 0.3418947368421052 0.23989457622416424 0.020350877192982376 0.05246913580246916
2 0.2345263157894737 0.2805971702039118 0.016035087719298263 0.04943820224719097
2 0.29303508771929826 0.2401338604522125 0.024877192982456133 0.04710084616451659
2 0.21622807017543857 0.23623942294354278 0.02 0.0431058399223193
