8 0.47862945492662473 0.36962005108556834 0.06470125786163523 0.08435504469987229
8 0.41096698113207547 0.3363505747126437 0.04379804332634521 0.05201149425287355
2 0.44903039832285113 0.162124840357599 0.0206586303284416 0.02372286079182632
2 0.4858228511530398 0.13692528735632184 0.027917540181691087 0.030954661558109844
2 0.5010394828791055 0.4552761813537676 0.02425751222921034 0.02626117496807147
2 0.5044287211740043 0.10651340996168582 0.025314465408805067 0.022078544061302673
2 0.47691299790356395 0.054893039591315446 0.020230607966457034 0.008636653895274583
2 0.5165487421383648 0.07539910600255428 0.013460866526904383 0.018646232439335903
2 0.559464535290007 0.14706257982120052 0.021776729559748464 0.021695402298850565
2 0.4985849056603774 0.08318167305236271 0.020597484276729597 0.021567688378033186
8 0.7093335080363382 0.5556593231162197 0.11108490566037742 0.18606321839080445
