0 0.29796296296296293 0.6344945896014781 0.1813043478260869 0.13029823172341
0 0.4203462157809984 0.30894695170229614 0.13486312399355885 0.10245447347585113
2 0.2847826086956522 0.565360253365004 0.08518518518518525 0.02475587226181049
2 0.3017391304347826 0.549511744523621 0.10091787439613525 0.029691211401425176
2 0.32460547504025766 0.5795196621799947 0.04771336553945253 0.01955661124307209
2 0.4483574879227053 0.3818289786223278 0.08032206119162644 0.019952494061757666
2 0.44344605475040255 0.3669041963578781 0.0885024154589372 0.015307468989179233
2 0.5654428341384863 0.28573502243335974 0.07123993558776152 0.016283979941937185
2 0.560402576489533 0.27199788862496704 0.08658615136876002 0.017656373713380847
2 0.6238003220611916 0.30963314858801794 0.049371980676328496 0.014832409606756457
2 0.6417391304347826 0.3449326999208234 0.06740740740740742 0.020981789390340413
2 0.6627938808373591 0.401675903932436 0.05806763285024154 0.014937978358405917
2 0.6716666666666666 0.4202164159408815 0.07328502415458937 0.015122723673792575
2 0.7012238325281803 0.47884666138822907 0.05589371980676328 0.01491158617049352
