1 0.12087264150943396 0.9091981132075472 0.17099056603773585 0.08608490566037735
1 0.27535377358490565 0.9551886792452831 0.1721698113207547 0.08962264150943396
1 0.5112028301886793 0.9115566037735849 0.13561320754716982 0.07547169811320754
1 0.4428066037735849 0.8897405660377359 0.1509433962264151 0.08018867924528301
1 0.6727594339622641 0.9139150943396226 0.1509433962264151 0.08726415094339622
1 0.5902122641509434 0.8189858490566038 0.08018867924528301 0.06839622641509434
1 0.04009433962264151 0.5683962264150944 0.0589622641509434 0.0589622641509434
1 0.12853773584905662 0.5654481132075472 0.054245283018867926 0.04245283018867924
1 0.2270047169811321 0.5919811320754716 0.07311320754716981 0.055424528301886794
1 0.27889150943396224 0.6173349056603774 0.07429245283018868 0.04716981132075472
1 0.3331367924528302 0.5931603773584906 0.09551886792452831 0.05306603773584906
1 0.3909198113207547 0.5795990566037735 0.06367924528301887 0.05306603773584906
1 0.31957547169811323 0.8260613207547169 0.14622641509433962 0.07783018867924528
1 0.6821933962264151 0.6957547169811321 0.11674528301886793 0.05660377358490566
6 0.5436320754716981 0.59375 0.1474056603773585 0.09905660377358491
6 0.3266509433962264 0.41745283018867924 0.08136792452830188 0.060141509433962265
2 0.18514150943396226 0.8549528301886793 0.014150943396226415 0.04481132075471698
2 0.06426886792452831 0.9268867924528302 0.020047169811320754 0.0589622641509434
2 0.03419811320754717 0.9304245283018868 0.02358490566037736 0.06367924528301887
2 0.2099056603773585 0.8732311320754716 0.027122641509433963 0.06485849056603774
2 0.22936320754716982 0.8608490566037735 0.020047169811320754 0.05660377358490566
2 0.25412735849056606 0.8561320754716981 0.02358490566037736 0.06132075471698113
2 0.27712264150943394 0.8520047169811321 0.02830188679245283 0.07311320754716981
2 0.41096698113207547 0.8136792452830188 0.024764150943396228 0.06485849056603774
2 0.44516509433962265 0.8089622641509434 0.02122641509433962 0.0625
2 0.4970518867924528 0.7824292452830188 0.02358490566037736 0.060141509433962265
2 0.5430424528301887 0.7800707547169812 0.024764150943396228 0.054245283018867926
2 0.5689858490566038 0.7488207547169812 0.020047169811320754 0.05778301886792453
2 0.5990566037735849 0.7452830188679245 0.01768867924528302 0.05306603773584906
2 0.6191037735849056 0.7340801886792453 0.01650943396226415 0.05188679245283019
2 0.6450471698113207 0.7252358490566038 0.02122641509433962 0.054245283018867926
2 0.6851415094339622 0.7264150943396226 0.02358490566037736 0.0660377358490566
2 0.7505896226415094 0.7116745283018868 0.02830188679245283 0.05070754716981132
2 0.7116745283018868 0.7181603773584906 0.02122641509433962 0.0589622641509434
2 0.7788915094339622 0.6367924528301887 0.02122641509433962 0.049528301886792456
2 0.8767688679245284 0.6350235849056604 0.012971698113207548 0.049528301886792456
2 0.9593160377358491 0.6444575471698113 0.020047169811320754 0.054245283018867926
0 0.8231132075471698 0.5459905660377359 0.09433962264150944 0.09080188679245282
0 0.4722877358490566 0.41627358490566035 0.0660377358490566 0.05778301886792453
0 0.4251179245283019 0.4056603773584906 0.06485849056603774 0.05070754716981132
0 0.2824292452830189 0.35672169811320753 0.05070754716981132 0.041273584905660375
0 0.24351415094339623 0.3443396226415094 0.04481132075471698 0.03891509433962264
0 0.375 0.3873820754716981 0.054245283018867926 0.04716981132075472
0 0.3295990566037736 0.37028301886792453 0.05070754716981132 0.03891509433962264
4 0.7211084905660378 0.4215801886792453 0.10966981132075472 0.07783018867924528
4 0.6297169811320755 0.3944575471698113 0.09905660377358491 0.06839622641509434
4 0.5400943396226415 0.3696933962264151 0.08608490566037735 0.06132075471698113
4 0.45577830188679247 0.34787735849056606 0.06721698113207547 0.05660377358490566
4 0.3720518867924528 0.32370283018867924 0.0625 0.04716981132075472
0 0.7517688679245284 0.5159198113207547 0.07311320754716981 0.08018867924528301
0 0.6721698113207547 0.4982311320754717 0.08844339622641509 0.08490566037735849
0 0.5837264150943396 0.47464622641509435 0.08136792452830188 0.06839622641509434
0 0.527122641509434 0.4386792452830189 0.07783018867924528 0.055424528301886794
0 0.1792452830188679 0.32252358490566035 0.07665094339622641 0.0589622641509434
6 0.08726415094339622 0.7570754716981132 0.17099056603773585 0.15919811320754718
4 0.3178066037735849 0.3095518867924528 0.07075471698113207 0.055424528301886794
4 0.27535377358490565 0.2959905660377358 0.06367924528301887 0.060141509433962265
4 0.26120283018867924 0.29009433962264153 0.07900943396226415 0.049528301886792456
6 0.16686320754716982 0.3579009433962264 0.08254716981132075 0.05306603773584906
6 0.07783018867924528 0.31721698113207547 0.05660377358490566 0.04481132075471698
