6 0.4515625 0.6125 0.09453125 0.08055555555555556
6 0.5484375 0.7743055555555556 0.09296875 0.075
2 0.569140625 0.9166666666666666 0.0140625 0.04861111111111111
2 0.576953125 0.89375 0.01171875 0.04583333333333333
2 0.416796875 0.5583333333333333 0.01171875 0.027777777777777776
2 0.486328125 0.6555555555555556 0.01328125 0.05416666666666667
2 0.384765625 0.5909722222222222 0.01328125 0.05555555555555555
2 0.4 0.5791666666666667 0.01015625 0.05138888888888889
2 0.946875 0.6159722222222223 0.01328125 0.03888888888888889
2 0.9640625 0.5493055555555556 0.0109375 0.044444444444444446
6 0.908984375 0.022916666666666665 0.03828125 0.04583333333333333
