8 0.4724195139449377 0.43772533595542445 0.15682898394762798 0.24057686004588663
8 0.3520894986996682 0.37098492297607344 0.08338265626401221 0.13610291707636843
8 0.28174603174603174 0.35074565716158634 0.03920724598690696 0.060144215011471595
2 0.47602457178728363 0.13614388725008195 0.04274952919020718 0.04932808915109802
2 0.4566316922249126 0.05744018354637824 0.044013989776701706 0.056047197640118
2 0.3430544345798583 0.07739265814487054 0.03532418617164383 0.028924942641756806
2 0.28066541117388577 0.1428220255653884 0.024464173616715983 0.032612258275975074
2 0.3527172450901264 0.44841855129465746 0.029306788628822453 0.03294001966568344
2 0.2954398708635997 0.09959849229760734 0.025638956147430756 0.028269419862340203
8 0.7628374136848712 0.6641265158964275 0.09965025558245899 0.3516879711569979
