6 0.2794811320754717 0.5711206896551724 0.17099056603773585 0.19827586206896552
6 0.7028301886792453 0.3760775862068966 0.19693396226415094 0.15517241379310345
6 0.9469339622641509 0.24892241379310345 0.10613207547169812 0.1400862068965517
1 0.4716981132075472 0.9321120689655172 0.14622641509433962 0.125
1 0.4581367924528302 0.7920258620689655 0.12617924528301888 0.11637931034482758
1 0.6025943396226415 0.8556034482758621 0.12971698113207547 0.12931034482758622
1 0.6609669811320755 0.7855603448275862 0.14268867924528303 0.15301724137931033
1 0.8136792452830188 0.7155172413793104 0.1320754716981132 0.10775862068965517
1 0.8384433962264151 0.6163793103448276 0.08726415094339622 0.10129310344827586
1 0.37264150943396224 0.3459051724137931 0.04834905660377359 0.07758620689655173
1 0.2505896226415094 0.3911637931034483 0.045990566037735846 0.08405172413793104
1 0.34139150943396224 0.2683189655172414 0.07900943396226415 0.08620689655172414
1 0.33667452830188677 0.19827586206896552 0.06485849056603774 0.07112068965517242
2 0.5459905660377359 0.9288793103448276 0.04009433962264151 0.10775862068965517
2 0.6639150943396226 0.9525862068965517 0.02358490566037736 0.07112068965517242
2 0.9487028301886793 0.6713362068965517 0.01768867924528302 0.0668103448275862
2 0.28950471698113206 0.5010775862068966 0.02122641509433962 0.05387931034482758
2 0.48172169811320753 0.24676724137931033 0.018867924528301886 0.07112068965517242
2 0.0866745283018868 0.35560344827586204 0.01650943396226415 0.07543103448275862
2 0.9428066037735849 0.7413793103448276 0.018867924528301886 0.0603448275862069
