6 0.37629533678756477 0.25 0.14507772020725387 0.2914691943127962
0 0.42810880829015546 0.4265402843601896 0.08031088082901554 0.14928909952606634
2 0.09909326424870467 0.44786729857819907 0.038860103626943004 0.10426540284360189
2 0.05829015544041451 0.5165876777251185 0.02849740932642487 0.08530805687203792
2 0.04404145077720207 0.5059241706161137 0.02849740932642487 0.0924170616113744
2 0.019430051813471502 0.4881516587677725 0.029792746113989636 0.0924170616113744
2 0.014248704663212436 0.5367298578199052 0.027202072538860103 0.08530805687203792
2 0.003238341968911917 0.5355450236966824 0.006476683937823834 0.061611374407582936
6 0.4650259067357513 0.495260663507109 0.06606217616580311 0.0924170616113744
6 0.4954663212435233 0.5248815165876777 0.04533678756476684 0.07582938388625593
1 0.45012953367875647 0.5793838862559242 0.034974093264248704 0.045023696682464455
