2 0.018880597014925372 0.8257650273224044 0.037761194029850745 0.06557377049180328
2 0.041077943615257045 0.5865027322404371 0.04862354892205638 0.04918032786885246
2 0.017213930348258702 0.5228142076502732 0.03276948590381426 0.037158469945355314
2 0.08509121061359866 0.5575136612021858 0.039071310116086236 0.0414754098360655
2 0.08066334991708125 0.6214207650273225 0.04537313432835822 0.04579234972677606
2 0.1095190713101161 0.6142349726775955 0.051144278606965195 0.043551912568305914
2 0.006766169154228855 0.4582786885245901 0.01353233830845771 0.0373770491803278
2 0.023598673300165837 0.4531147540983606 0.041326699834162525 0.03256830601092897
2 0.09829187396351576 0.44956284153005466 0.0412603648424544 0.031748633879781434
2 0.06908789386401328 0.48863387978142075 0.03582089552238806 0.03808743169398909
2 0.05205638474295191 0.4692349726775957 0.03684908789386403 0.03240437158469943
2 0.19709784411276945 0.5709836065573771 0.03744610281923708 0.039781420765027296
2 0.17981757877280266 0.545464480874317 0.04315091210613597 0.0367213114754098
2 0.21878938640132667 0.43166666666666664 0.03678275290215589 0.031584699453551884
2 0.22877280265339967 0.4921857923497268 0.048026533996683295 0.04180327868852459
2 0.2691210613598673 0.48090163934426233 0.037180762852404625 0.03650273224043713
2 0.28580431177446103 0.47702185792349727 0.03588723051409624 0.03890710382513664
2 0.3172139303482587 0.45666666666666667 0.037114427860696526 0.035683060109289594
2 0.33388059701492534 0.4437978142076503 0.030945273631840818 0.03300546448087449
2 0.49276948590381425 0.5123497267759562 0.03907131011608628 0.0414754098360655
2 0.5258374792703151 0.5266666666666666 0.039336650082918825 0.044754098360655664
2 0.6424543946932006 0.5567213114754098 0.048689883913764574 0.05
2 0.6496517412935323 0.5045628415300546 0.05257048092868981 0.04278688524590149
2 0.6678109452736318 0.47325136612021856 0.04023217247097839 0.0374316939890711
2 0.5944776119402986 0.6254918032786885 0.0520066334991708 0.054207650273223947
2 0.5343781094527362 0.6509836065573771 0.05966832504145951 0.05693989071038254
2 0.5104311774461029 0.7262295081967213 0.05084577114427852 0.05825136612021853
2 0.402603648424544 0.7346721311475409 0.06311774461028193 0.06278688524590156
2 0.439983416252073 0.7692622950819672 0.052271973466003346 0.05748633879781429
2 0.361077943615257 0.824863387978142 0.06955223880597018 0.0687431693989072
2 0.21223880597014924 0.7976229508196722 0.06019900497512443 0.06349726775956287
2 0.17021558872305143 0.8204098360655738 0.05266998341625208 0.06240437158469935
2 0.24996683250414592 0.9290437158469946 0.09084577114427862 0.07442622950819687
2 0.3722553897180763 0.8890163934426228 0.07409618573797679 0.0697267759562841
2 0.4556716417910448 0.8696174863387979 0.09485903814262021 0.06885245901639345
2 0.5427031509121061 0.8974863387978143 0.06839137645107807 0.0727868852459018
2 0.6397014925373135 0.9584972677595628 0.09200663349917072 0.03360655737704918
2 0.5943117744610281 0.9217486338797813 0.05396351575456054 0.05999999999999985
2 0.6445439469320067 0.8251092896174864 0.07565505804311771 0.07060109289617476
2 0.553233830845771 0.8317213114754097 0.06819237147595354 0.07032786885245898
2 0.5734660033167495 0.8023770491803278 0.06643449419568832 0.0669945355191257
2 0.679502487562189 0.7425136612021858 0.07064676616915412 0.06387978142076507
2 0.6533499170812603 0.670327868852459 0.056351575456052946 0.052732240437158594
2 0.7168159203980099 0.9434153005464481 0.06414593698175786 0.0571038251366119
2 0.7627529021558873 0.8722677595628416 0.07721393034825873 0.07147540983606543
2 0.8559203980099503 0.9346448087431694 0.05280265339966826 0.06404371584699443
2 0.8338805970149255 0.9035792349726777 0.0665008291873965 0.06781420765027342
2 0.8528026533996683 0.8076775956284153 0.06928689883913763 0.06546448087431685
2 0.8885406301824211 0.7981967213114753 0.036583747927031604 0.06590163934426237
2 0.8826699834162521 0.7604098360655738 0.05698175787728048 0.04213114754098368
2 0.7393864013266997 0.6369398907103826 0.07240464344941949 0.06721311475409836
2 0.8638640132669984 0.6250273224043715 0.0416915422885573 0.05546448087431682
2 0.9171144278606965 0.6198087431693989 0.04000000000000027 0.052950819672131076
2 0.8947097844112769 0.5932513661202186 0.04875621890547241 0.05081967213114754
2 0.7765339966832505 0.5640710382513662 0.06945273631840791 0.04912568306010934
2 0.834825870646766 0.45978142076502737 0.045041459369817786 0.04169398907103835
1 0.9123880597014925 0.4851366120218579 0.09509121061359883 0.05333333333333328
