2 0.06721698113207547 0.8822115384615384 0.13443396226415094 0.23557692307692307
2 0.08726415094339622 0.8161057692307693 0.11438679245283019 0.3004807692307692
2 0.1479952830188679 0.7728365384615384 0.07900943396226415 0.33413461538461536
2 0.10613207547169812 0.5180288461538461 0.07311320754716981 0.27163461538461536
2 0.17511792452830188 0.4795673076923077 0.08136792452830188 0.27884615384615385
2 0.23938679245283018 0.5180288461538461 0.08962264150943396 0.2668269230769231
2 0.25707547169811323 0.359375 0.08018867924528301 0.2548076923076923
2 0.3331367924528302 0.4098557692307692 0.07311320754716981 0.28846153846153844
2 0.40625 0.29447115384615385 0.08372641509433962 0.2283653846153846
2 0.5336084905660378 0.3449519230769231 0.09198113207547169 0.27163461538461536
2 0.6232311320754716 0.32211538461538464 0.14386792452830188 0.25240384615384615
2 0.6037735849056604 0.1778846153846154 0.12264150943396226 0.25
2 0.6933962264150944 0.24759615384615385 0.12853773584905662 0.25
2 0.7081367924528302 0.18269230769230768 0.10377358490566038 0.2283653846153846
2 0.7806603773584906 0.09134615384615384 0.08608490566037735 0.18269230769230768
2 0.8767688679245284 0.38461538461538464 0.07311320754716981 0.24759615384615385
2 0.5766509433962265 0.9038461538461539 0.125 0.19230769230769232
