6 0.68203125 0.9069444444444444 0.04921875 0.07361111111111111
6 0.531640625 0.4083333333333333 0.03671875 0.05138888888888889
6 0.573828125 0.125 0.03359375 0.044444444444444446
6 0.631640625 0.0125 0.0296875 0.025
2 0.7109375 0.9013888888888889 0.0109375 0.0375
2 0.6859375 0.85 0.01328125 0.03333333333333333
2 0.66953125 0.8 0.0125 0.043055555555555555
2 0.508203125 0.3875 0.00625 0.030555555555555555
2 0.520703125 0.3798611111111111 0.00625 0.018055555555555554
2 0.526953125 0.37916666666666665 0.00703125 0.018055555555555554
