0 0.32622739018087854 0.6581214689265537 0.20232558139534879 0.15715630885122417
0 0.5891472868217055 0.3949152542372881 0.15977605512489235 0.10960451977401132
0 0.7404392764857881 0.3288135593220339 0.18354866494401378 0.11652542372881355
2 0.5814384151593455 0.46661958568738227 0.09526270456503017 0.02980225988700564
2 0.5763565891472868 0.4516949152542373 0.10689061154177436 0.03008474576271196
2 0.3577519379844961 0.5700800376647834 0.09982773471145566 0.03837099811676078
2 0.3867786391042205 0.5940442561205274 0.07166236003445302 0.024999999999999904
2 0.3842807924203273 0.6108992467043314 0.05633074935400516 0.026741996233521744
2 0.7209732988802756 0.42243408662900195 0.08010335917312647 0.03366290018832397
2 0.7139534883720929 0.4074623352165725 0.10335917312661484 0.034227871939736365
