6 0.249609375 0.8694444444444445 0.06640625 0.058333333333333334
8 0.2453125 0.7909722222222222 0.0453125 0.06527777777777778
8 0.20234375 0.7736111111111111 0.04921875 0.075
1 0.212890625 0.7965277777777777 0.02578125 0.04861111111111111
8 0.40546875 0.6930555555555555 0.0953125 0.10277777777777777
8 0.536328125 0.5743055555555555 0.1140625 0.03611111111111111
8 0.428515625 0.6055555555555555 0.034375 0.05416666666666667
8 0.4125 0.5854166666666667 0.0296875 0.043055555555555555
8 0.395703125 0.5798611111111112 0.028125 0.04583333333333333
1 0.36015625 0.5736111111111111 0.02109375 0.030555555555555555
8 0.2390625 0.5236111111111111 0.03046875 0.04027777777777778
6 0.4671875 0.6069444444444444 0.03046875 0.0375
6 0.575390625 0.6048611111111111 0.03359375 0.03333333333333333
6 0.32109375 0.5569444444444445 0.0296875 0.027777777777777776
6 0.300390625 0.5465277777777777 0.02734375 0.027777777777777776
6 0.28671875 0.5409722222222222 0.02421875 0.022222222222222223
6 0.27265625 0.5381944444444444 0.025 0.025
6 0.251171875 0.5291666666666667 0.02734375 0.029166666666666667
6 0.1484375 0.46944444444444444 0.02265625 0.02361111111111111
8 0.163671875 0.45694444444444443 0.02890625 0.030555555555555555
8 0.31171875 0.40555555555555556 0.0296875 0.03194444444444444
8 0.361328125 0.4152777777777778 0.01875 0.027777777777777776
8 0.34375 0.41180555555555554 0.053125 0.05
6 0.428515625 0.3958333333333333 0.025 0.020833333333333332
6 0.4703125 0.3958333333333333 0.025 0.022222222222222223
6 0.441796875 0.4173611111111111 0 0
8 0.498828125 0.43472222222222223 0.025 0.03333333333333333
8 0.544921875 0.43680555555555556 0.02265625 0.03333333333333333
8 0.5171875 0.4083333333333333 0.06484375 0.025
8 0.59921875 0.5104166666666666 0.08828125 0.05
8 0.61328125 0.41944444444444445 0.071875 0.03888888888888889
8 0.5859375 0.44027777777777777 0.01796875 0.029166666666666667
8 0.673046875 0.46319444444444446 0.01953125 0.027777777777777776
8 0.712890625 0.4722222222222222 0.0203125 0.03611111111111111
8 0.751953125 0.4895833333333333 0.01484375 0.03611111111111111
8 0.77265625 0.4875 0.0171875 0.034722222222222224
8 0.85546875 0.5458333333333333 0.0546875 0.03611111111111111
0 0.47265625 0.45625 0.02265625 0.02638888888888889
0 0.926171875 0.55 0.0484375 0.04583333333333333
8 0.8984375 0.5180555555555556 0.01875 0.0375
8 0.96484375 0.4638888888888889 0.0703125 0.0625
6 0.96640625 0.4548611111111111 0.0375 0.0375
8 0.776171875 0.2916666666666667 0.01640625 0.022222222222222223
2 0.416015625 0.4722222222222222 0.00625 0.019444444444444445
2 0.44453125 0.4263888888888889 0.00390625 0.019444444444444445
2 0.453125 0.42083333333333334 0.0046875 0.016666666666666666
2 0.475 0.4201388888888889 0.003125 0.015277777777777777
2 0.477734375 0.43333333333333335 0.003125 0.015277777777777777
2 0.48046875 0.43472222222222223 0.0046875 0.020833333333333332
2 0.48203125 0.4166666666666667 0.00390625 0.019444444444444445
2 0.4859375 0.3888888888888889 0.003125 0.020833333333333332
2 0.55625 0.5 0.00390625 0.030555555555555555
2 0.562890625 0.4888888888888889 0.00625 0.020833333333333332
2 0.730078125 0.4722222222222222 0.00625 0.02361111111111111
1 0.7234375 0.3277777777777778 0.015625 0.015277777777777777
