6 0.611503750586029 0.47024552642530165 0.1014650726676043 0.11774864752392857
6 0.544297937177684 0.4734186433624636 0.09846460384435061 0.12328339575530593
6 0.4587318330989218 0.47145235122763207 0.0905532114392875 0.12307532251352467
6 0.375210970464135 0.45818768206408655 0.09388185654008445 0.12877652933832706
6 0.2793600562587904 0.4564918851435706 0.07964135021097052 0.1284019975031211
6 0.17375761837787154 0.4733250104036621 0.0825597749648383 0.12005826050769877
2 0.8500586029067041 0.45132126508531 0.01563525550867308 0.048127340823970015
2 0.8619667135489921 0.4524136496046608 0.015717299578059167 0.05093632958801496
2 0.8770393811533052 0.4534228048272992 0.012388654477262038 0.045235122763212565
2 0.8896976090014065 0.4530898876404495 0.015553211439287354 0.04531835205992507
2 0.903187998124707 0.454140657511444 0.015553211439287354 0.04531835205992507
2 0.9143459915611815 0.45665834373699543 0.017053445850914284 0.04255097794423638
2 0.9277543366150962 0.4549001248439451 0.01721753398968574 0.04816895547232627
2 0.9474917955930614 0.45297544735746975 0.013970932958274696 0.04527673741156882
2 0.9600269573370839 0.44842904702455266 0.012388654477262038 0.045235122763212565
2 0.9758907641819035 0.44941739492301286 0.01230661040787631 0.04242613399916762
2 0.9970698546647914 0.44736787349146895 0.00586029067041724 0.04804411152725751
