2 0.2154835390946502 0.24533898305084745 0.09149519890260631 0.02457627118644068
2 0.3387345679012346 0.2288135593220339 0.0674554183813443 0.013559322033898305
2 0.2660665294924554 0.26864406779661015 0.0772633744855968 0.020338983050847456
2 0.14633058984910838 0.27033898305084747 0.08518518518518517 0.02288135593220339
2 0.1566358024691358 0.2860169491525424 0.08082990397805215 0.026271186440677965
2 0.4697359396433471 0.2309322033898305 0.05812757201646102 0.012711864406779662
2 0.4689643347050755 0.2690677966101695 0.058813443072702296 0.0211864406779661
2 0.3983367626886145 0.25508474576271184 0.07095336076817556 0.01864406779661017
2 0.4362654320987654 0.2440677966101695 0.06015089163237309 0.01864406779661017
2 0.2299554183813443 0.33347457627118643 0.07410836762688618 0.019491525423728815
2 0.280298353909465 0.32161016949152543 0.06814128943758575 0.022033898305084745
2 0.4912551440329218 0.336864406779661 0.05860768175582988 0.01864406779661017
2 0.3763031550068587 0.3461864406779661 0.07767489711934163 0.025423728813559324
2 0.39381001371742114 0.36822033898305084 0.06786694101508922 0.01864406779661017
2 0.3991941015089164 0.37796610169491524 0.07249657064471876 0.01864406779661017
2 0.4349279835390946 0.3940677966101695 0.06632373113854592 0.01864406779661017
2 0.4573559670781893 0.40296610169491526 0.061419753086419684 0.015254237288135594
2 0.31232853223593965 0.4978813559322034 0.0772633744855967 0.020338983050847456
2 0.2813957475994513 0.5177966101694915 0.08336762688614544 0.019491525423728815
2 0.2141460905349794 0.5860169491525423 0.09303840877914953 0.02457627118644068
2 0.3120713305898491 0.586864406779661 0.07788065843621404 0.027966101694915254
2 0.3692901234567901 0.5949152542372881 0.06954732510288066 0.020338983050847456
2 0.08787722908093278 0.5635593220338984 0.10089163237311384 0.026271186440677965
2 0.04897976680384088 0.5305084745762711 0.09795953360768175 0.030508474576271188
2 0.022599451303155008 0.6 0.045198902606310015 0.0288135593220339
2 0.057150205761316866 0.6466101694915254 0.11430041152263373 0.03728813559322034
2 0.06315157750342935 0.7165254237288136 0.10349794238683127 0.020338983050847456
2 0.06654663923182441 0.7508474576271187 0.09941700960219478 0.02711864406779661
2 0.12052469135802468 0.7322033898305085 0.09458161865569273 0.02457627118644068
2 0.18633401920438958 0.6627118644067796 0.08936899862825787 0.036440677966101696
2 0.37784636488340195 0.6894067796610169 0.07753772290809331 0.023728813559322035
1 0.32112482853223595 0.7419491525423729 0.09766803840877915 0.06271186440677966
