5 0.5495764272559853 0.5831041257367388 0.23234704317577232 0.8337917485265226
2 0.522719459791283 0.48939096267190574 0.08931860036832404 0.09543767736302118
2 0.31210354000409246 0.4349159572145819 0.04768160425618996 0.04402968784108282
2 0.30338653570697766 0.2720912464527396 0.051577655003069274 0.051211525867714464
2 0.2636689175363209 0.3205413665138616 0.03271536730100269 0.031063086662300846
2 0.37195007161857996 0.1315869897402314 0.048336402701043675 0.06863130320890636
2 0.3164947820748926 0.24315651604453176 0.05434008594229579 0.05142981881685221
2 0.3131123388581952 0.1927745033835407 0.057118886842643796 0.055577384850469334
2 0.2889113975854307 0.2311504038419559 0.03826069163085736 0.0364112639161755
2 0.2751913239206057 0.2079567779960707 0.04161653366073257 0.04649639816633926
2 0.27414364640883976 0.1277886924252347 0.04491917331696338 0.043811394891945014
2 0.23948639246981787 0.08918358437022485 0.03376304481276855 0.017397948046278103
2 0.23911397585430735 0.11224623444662737 0.03497442193574791 0.0430255402750491
1 0.2946245140167792 0.5843702248417376 0.05655821567423781 0.18613839772975327
