6 0.6114737883283877 0.7526761182547533 0.07319485657764595 0.09693372898120661
6 0.5493076162215629 0.9435157709638422 0.05727002967359037 0.08050335201670528
1 0.47591493570722054 0.8213704802725575 0.02977250247279912 0.04619188921859527
1 0.5336300692383777 0.48591053961973846 0.03461918892185943 0.05215957797560173
1 0.6682492581602374 0.06945818221782614 0.050741839762611346 0.0715573139905484
1 0.9694114737883284 0.8547202989339487 0.061177052423343245 0.10433014616990866
1 0.8710682492581601 0.976299593361908 0.04648862512364019 0.030003297065611532
8 0.9254203758654798 0.9129354874161997 0.12274975272007915 0.1506868886690845
8 0.9680514342235411 0.7718485547862403 0.06389713155291782 0.24263105835806129
1 0.4943125618199802 0.5078635014836795 0.057072205736894206 0.07753599296626
