2 0.0742133726647001 0.5459510357815442 0.06474926253687316 0.016088243206887277
2 0.25486725663716814 0.44097390368576805 0.04473942969518192 0.013182674199623382
2 0.32819567354965584 0.419800914716169 0.042477876106194794 0.011918213613128855
2 0.37900688298918384 0.4167473769168685 0.04026548672566369 0.011864406779660962
2 0.43392330383480826 0.4602502017756255 0.031317600786627355 0.009227871939736395
2 0.44955752212389377 0.49077212806026366 0.0290560471976401 0.007963411353241868
2 0.47967059980334315 0.523365617433414 0.02241887905604718 0.007801990852838326
1 0.29387905604719766 0.665429109496906 0.08156342182890858 0.04915254237288125
2 0.4950344149459194 0.5472289480764057 0.040314650934119976 0.013075060532687597
2 0.5354473942969519 0.5880548829701372 0.037905604719763994 0.008178638687113165
2 0.5625122910521141 0.6273876782351357 0.04026548672566369 0.011864406779661238
2 0.6137659783677483 0.7442964756524079 0.03795476892822028 0.0093892924401398
