1 0.49682539682539684 0.8002380952380953 0.08529100529100532 0.07063492063492081
8 0.5272486772486772 0.7478968253968254 0.11851851851851863 0.10666666666666656
8 0.5531216931216931 0.6533333333333333 0.11502645502645507 0.10293650793650798
8 0.5667724867724868 0.5826984126984127 0.10455026455026456 0.09174603174603167
8 0.5777248677248678 0.5086111111111111 0.09767195767195762 0.08547619047619043
8 0.6324867724867725 0.8018253968253968 0.13238095238095252 0.10261904761904768
6 0.5912169312169313 0.38238095238095243 0.10063492063492079 0.08325396825396833
6 0.617936507936508 0.29734126984126985 0.09502645502645504 0.07349206349206351
6 0.6227513227513228 0.2349206349206349 0.08962962962962968 0.06611111111111108
8 0.4974074074074074 0.8516269841269841 0.1359788359788361 0.05420634920634917
