2 0.636795234725171 0.03175019425019425 0.11753951403632927 0.04469696969696969
2 0.7925513092710544 0.11243201243201242 0.14295824486907296 0.11496373996373993
2 0.8696626562868601 0.10015216265216266 0.08244869072894559 0.11397953897953896
2 0.8095069591884879 0.2222902097902098 0.20087284736966265 0.1482128982128982
2 0.714171974522293 0.47133838383838383 0.18241330502476996 0.133941983941984
2 0.6229653220099081 0.3572163947163947 0.14248643548006612 0.1315462315462315
2 0.5782908704883226 0.40233100233100233 0.15622788393489026 0.09946257446257441
2 0.5799422033498467 0.14390054390054388 0.19149563576315165 0.15067987567987565
2 0.6531906109931588 0.07436544936544935 0.14850200518990325 0.1264050764050764
2 0.44264567114885583 0.07748963998964 0.17126680820948334 0.13376068376068379
2 0.47098372257607923 0.1320868945868946 0.1749823071479123 0.14167961667961668
2 0.34993512620901157 0.2004079254079254 0.15439962255248885 0.1430911680911681
2 0.14599551781080444 0.18355672105672105 0.14201462609105917 0.1245532245532246
2 0.12446921443736732 0.11204351204351204 0.1224345364472753 0.11724941724941725
2 0.06652512384996462 0.05478179228179228 0.1293937249351262 0.05536778036778037
2 0.9541460250058976 0.6192501942501942 0.09170794998820479 0.15242165242165248
2 0.922180938900684 0.759939134939135 0.15563812219863196 0.15995855995856006
2 0.9946626562868601 0.785029785029785 0.010674687426279769 0.15652680652680648
2 0.6912597310686482 0.7447034447034446 0.1716206652512386 0.16258093758093767
2 0.5702701108752065 0.7431721056721057 0.18294409058740274 0.16538461538461544
2 0.4152807265864591 0.9296749546749546 0.1674333569238028 0.14065009065009068
2 0.24174333569238032 0.8836473711473711 0.1870724227412126 0.15584693084693074
2 0.19335338523236612 0.7558145558145559 0.19998820476527485 0.15867650867650873
2 0.3877388535031847 0.6428451178451179 0.18123378155225284 0.16361046361046364
2 0.25619249823071477 0.6262982387982388 0.19214437367303613 0.16029526029526026
2 0.14015687662184478 0.6038914788914789 0.17934654399622554 0.13563843563843567
2 0.623348667138476 0.5750777000777001 0.18082094833687207 0.18106708106708105
2 0.5112349610757254 0.5990125615125615 0.1935008256664307 0.15682465682465682
2 0.28833451285680584 0.3364931364931365 0.1456121726822364 0.13072390572390571
2 0.36930879924510496 0.36968078218078215 0.1657820240622788 0.12319347319347325
2 0.21148855862231658 0.1405270655270655 0.16477942911063928 0.1554843304843305
2 0.12213965557914604 0.3014827764827765 0.14030431705590943 0.09920357420357415
