2 0.4303977272727273 0.62578125 0.08522727272727272 0.0859375
2 0.8153409090909091 0.63125 0.10227272727272728 0.084375
2 0.4786931818181818 0.459375 0.09943181818181818 0.08125
2 0.2897727272727273 0.42578125 0.1278409090909091 0.075
2 0.14914772727272727 0.43203125 0.17329545454545456 0.078125
2 0.140625 0.3546875 0.10227272727272728 0.078125
2 0.13068181818181818 0.29609375 0.08522727272727272 0.075
2 0.296875 0.3453125 0.09659090909090909 0.0859375
2 0.5269886363636364 0.35390625 0.09943181818181818 0.0953125
2 0.3224431818181818 0.14296875 0.09943181818181818 0.0921875
2 0.4744318181818182 0.1625 0.10227272727272728 0.0953125
2 0.6534090909090909 0.17890625 0.08806818181818182 0.0875
2 0.8267045454545454 0.225 0.0625 0.0796875
2 0.9517045454545454 0.16953125 0.09659090909090909 0.0875
