2 0.8942786069651741 0.9369391417849566 0.012437810945273632 0.009626366454560435
2 0.9135572139303483 0.9301680535160711 0.011194029850746268 0.020558002936857396
2 0.695273631840796 0.7748817099037364 0.009950248756218905 0.03809756893457336
2 0.9073383084577115 0.5649371838799151 0.008706467661691543 0.02920541687061506
2 0.914179104477612 0.5655898188937837 0.008706467661691543 0.02920541687061506
2 0.361318407960199 0.7196932615434819 0.012437810945273632 0.03385544134442828
2 0.29539800995024873 0.6931799641050742 0.011194029850746268 0.03597650513950082
2 0.5491293532338308 0.6071545113395334 0.008706467661691543 0.02920541687061506
1 0.8899253731343284 0.8810572687224669 0.0472636815920398 0.051558166095610994
1 0.8874378109452736 0.8525860662424539 0.046019900497512436 0.051476586718877365
1 0.7711442786069652 0.7897291564692445 0.03855721393034826 0.050987110458476106
1 0.3781094527363184 0.6227769619840104 0.04228855721393035 0.04682656224506465
1 0.3513681592039801 0.6036058084516235 0.03731343283582089 0.04650024473813014
1 0.20522388059701493 0.5438081253059226 0.043532338308457715 0.04690814162179803
1 0.22823383084577115 0.5445015500081579 0.04228855721393035 0.051231848588676736
1 0.14738805970149255 0.53218306412139 0.04228855721393035 0.04462391907325823
1 0.11567164179104478 0.508932941752325 0.03855721393034826 0.0443791809430576
1 0.08022388059701492 0.5002447381302007 0.046019900497512436 0.058084516234295995
1 0.08955223880597014 0.44126284875183547 0.029850746268656716 0.04380812530592272
1 0.026741293532338308 0.4718143253385544 0.046019900497512436 0.047071300375265156
1 0.05223880597014925 0.5604503181595692 0.03855721393034826 0.048784467286669936
1 0.06654228855721393 0.6553271333007016 0.05721393034825871 0.06102137379670417
1 0.029850746268656716 0.820729319627998 0.04477611940298507 0.040381791483112904
2 0.007462686567164179 0.6294664708761625 0.014925373134328358 0.04062652961331378
2 0.055970149253731345 0.5877386196769456 0.009950248756218905 0.02928699624734869
0 0.22574626865671643 0.5909202153695545 0.06840796019900497 0.07497144721814332
0 0.44154228855721395 0.6538587045194975 0.07338308457711443 0.09071626692772075
0 0.6486318407960199 0.6457823462228749 0.041044776119402986 0.08198727361722945
0 0.693407960199005 0.5547397617882199 0.03233830845771144 0.07040300212106373
0 0.7251243781094527 0.49318812204274753 0.028606965174129355 0.0635503344754446
0 0.7555970149253731 0.44162995594713655 0.02736318407960199 0.05906346875509864
1 0.6536069651741293 0.7357643987599936 0.03109452736318408 0.05490292054168693
