6 0.517578125 0.7881944444444444 0.04375 0.10555555555555556
6 0.517578125 0.7131944444444445 0.04296875 0.1
6 0.4421875 0.7236111111111111 0.04453125 0.10833333333333334
6 0.526953125 0.625 0.03671875 0.09722222222222222
6 0.526953125 0.51875 0.0359375 0.1
6 0.519921875 0.45416666666666666 0.03359375 0.09305555555555556
6 0.29296875 0.5159722222222223 0.0375 0.08611111111111111
4 0.581640625 0.7534722222222222 0.04765625 0.0875
6 0.62421875 0.7895833333333333 0.03984375 0.07777777777777778
6 0.51484375 0.9173611111111111 0.059375 0.08472222222222223
6 0.40625 0.9236111111111112 0.07265625 0.10138888888888889
6 0.28671875 0.3770833333333333 0.040625 0.059722222222222225
6 0.28515625 0.3194444444444444 0.040625 0.05
6 0.30390625 0.28125 0.03515625 0.04861111111111111
6 0.35390625 0.175 0.03984375 0.059722222222222225
6 0.405078125 0.1388888888888889 0.0453125 0.06527777777777778
6 0.4125 0.09652777777777778 0.0390625 0.04583333333333333
6 0.3328125 0.10625 0.053125 0.05416666666666667
6 0.30859375 0.07083333333333333 0.059375 0.05138888888888889
6 0.257421875 0.12013888888888889 0.03984375 0.04722222222222222
6 0.25234375 0.0798611111111111 0.03359375 0.05138888888888889
6 0.590625 0.5576388888888889 0.05234375 0.07916666666666666
6 0.59375 0.6270833333333333 0.0578125 0.0875
6 0.58515625 0.4597222222222222 0.04140625 0.07083333333333333
6 0.2796875 0.022916666666666665 0.0609375 0.04583333333333333
6 0.584375 0.4048611111111111 0.040625 0.06388888888888888
6 0.603125 0.36527777777777776 0.04765625 0.05694444444444444
6 0.60625 0.31319444444444444 0.0390625 0.04861111111111111
6 0.580078125 0.24930555555555556 0.04453125 0.06666666666666667
6 0.65 0.2847222222222222 0.06015625 0.059722222222222225
6 0.64296875 0.22361111111111112 0.05078125 0.04861111111111111
6 0.384375 0.7354166666666667 0.04453125 0.08888888888888889
6 0.38984375 0.3111111111111111 0.05546875 0.06666666666666667
6 0.68125 0.08819444444444445 0.06015625 0.05
6 0.24140625 0.5979166666666667 0.03828125 0.06388888888888888
6 0.5953125 0.6979166666666666 0.040625 0.05694444444444444
