6 0.44415708812260535 0.470663082437276 0.06087696892294603 0.06642771804062132
6 0.4322584078331205 0.4243667861409797 0.05817369093231153 0.06955794504181599
2 0.5830353341847595 0.3122819593787336 0.05257556406981697 0.01784946236559139
2 0.5818646232439335 0.2801194743130227 0.04648786717752243 0.011206690561529297
2 0.5853767560664113 0.26792712066905616 0.037952320136228165 0.012532855436081222
2 0.5651766709237974 0.3788888888888889 0.052660706683695116 0.019462365591397936
2 0.5523946360153257 0.43083632019115886 0.05832269050659858 0.018040621266427772
2 0.5513303533418477 0.4509976105137395 0.0638143891017454 0.013393070489844706
2 0.5220838654746701 0.570310633213859 0.04378458918688809 0.014336917562724054
2 0.4125372498935717 0.6077658303464755 0.04352916134525331 0.009498207885304701
2 0.4565134099616858 0.6441397849462366 0.04065559812686251 0.009402628434886463
2 0.4487760749255002 0.6548626045400239 0.049446573009791384 0.012915173237753893
