6 0.39792387543252594 0.5136126580040661 0.7958477508650519 0.3613541942897551
1 0.13408304498269896 0.7012507734464775 0.2681660899653979 0.22589056837266863
1 0.3788927335640138 0.6774993370458765 0.48961937716262977 0.20906037302218677
2 0.3408304498269896 0.40861398391231324 0.10207612456747404 0.13230796428887123
2 0.4662629757785467 0.4242155042871033 0.07958477508650519 0.11537169627861749
2 0.5804498269896193 0.44865199328206484 0.11591695501730104 0.11693626801025368
2 0.6150519031141869 0.3499602227525855 0.13321799307958476 0.14217272164766198
2 0.5173010380622838 0.149677362326527 0.16608996539792387 0.1663749668522938
2 0.8745674740484429 0.13065499867409175 0.1453287197231834 0.15900291699814373
1 0.889273356401384 0.4100415451250774 0.22145328719723184 0.20035357553257305
