2 0.6667013888888889 0.6403468648751667 0.1749305555555555 0.1161425576519918
2 0.6353472222222222 0.546864875166762 0.16989583333333336 0.10750905279207151
2 0.5664756944444445 0.5507051648561083 0.18486111111111114 0.09140461215932914
2 0.47791666666666666 0.6357918810748999 0.20503472222222213 0.16537068801219731
2 0.17435763888888892 0.8237945492662474 0.22309027777777776 0.14844673146559945
2 0.048315972222222225 0.8246998284734134 0.09663194444444445 0.17392795883361917
2 0.04609375 0.5683533447684391 0.0921875 0.13602058319039442
2 0.33329861111111114 0.5046883933676387 0.19350694444444444 0.15065751858204676
2 0.2548090277777778 0.3989231942062131 0.16656250000000003 0.14089956165427864
2 0.3611111111111111 0.3577663426720031 0.17114583333333339 0.13838383838383844
2 0.6573784722222222 0.0612397560510768 0.17368055555555556 0.1224795121021536
2 0.4528298611111111 0.07891175910043834 0.17236111111111113 0.12982656756241662
2 0.3502604166666667 0.12430912902611017 0.1253819444444444 0.1266819134743663
2 0.33368055555555554 0.0541261673337145 0.14513888888888893 0.108252334667429
2 0.24098958333333337 0.047836859157613876 0.14614583333333328 0.09567371831522775
2 0.5291145833333333 0.030541261673337147 0.11052083333333336 0.06108252334667429
