2 0.3259384808537351 0.4740405057625602 0.08355304456999374 0.26542463914065123
2 0.35638731952291275 0.6201969340942151 0.07662272441933468 0.247208235425758
2 0.30836785938480854 0.704900973481034 0.07905210295040803 0.23364663757412998
2 0.3712994350282486 0.7321640371489314 0.06881983678593843 0.22595949423743988
2 0.4295637162586315 0.3508000447577487 0.10669805398618962 0.29744880832494125
2 0.39496861268047706 0.47042072283764125 0.06010671688637785 0.19714669352131597
2 0.5016729441305712 0.3608145910260714 0.09612680477087267 0.24897616649882506
2 0.5474168236032643 0.5630580731789191 0.13740112994350273 0.2193129685576816
2 0.6227809165097301 0.6078549848942598 0.09307595731324543 0.28971690723956595
1 0.35474576271186437 0.878018350676961 0.35458882611424986 0.24396329864607802
1 0.7513779033270559 0.9343739509902652 0.31895166352793486 0.13125209801946966
