6 0.459375 0.7569444444444444 0.13515625 0.23472222222222222
6 0.60703125 0.6791666666666667 0.14296875 0.18888888888888888
8 0.61015625 0.5215277777777778 0.1609375 0.14583333333333334
8 0.833984375 0.4222222222222222 0.1078125 0.18888888888888888
0 0.70390625 0.4777777777777778 0.08515625 0.15416666666666667
0 0.909765625 0.38819444444444445 0.05625 0.11805555555555555
2 0.468359375 0.5930555555555556 0.03984375 0.025
2 0.4796875 0.6180555555555556 0.04453125 0.02638888888888889
2 0.49375 0.6416666666666667 0.03828125 0.02638888888888889
0 0.98359375 0.33958333333333335 0.0328125 0.12083333333333333
