6 0.5818110483364721 0.8572507552870091 0.022787193973634674 0.05891238670694864
6 0.5788292529817953 0.8874622356495468 0.022724419334588797 0.05740181268882175
6 0.578405524168236 0.9078549848942599 0.01986817325800368 0.04984894259818731
6 0.5793471437539234 0.9305135951661632 0.022598870056497047 0.054380664652567974
6 0.5892341494036409 0.6382175226586103 0.03025737602008788 0.0755287009063444
6 0.567812303829253 0.438821752265861 0.02765222849968607 0.07401812688821752
1 0.5855147520401758 0.8036253776435045 0.0241054613935969 0.04984894259818731
8 0.573932831136221 0.9735649546827795 0.029315756434400517 0.052870090634441085
6 0.5758788449466414 0.959214501510574 0.02344632768361569 0.054380664652567974
8 0.5841650973006904 0.7507552870090635 0.0332705586942874 0.06646525679758308
8 0.584212178279975 0.7212990936555891 0.03248587570621482 0.06797583081570997
8 0.5961550533584432 0.7129909365558912 0.04268675455116139 0.0891238670694864
8 0.4905367231638417 0.8021148036253777 0.027997489014438097 0.061933534743202415
8 0.46337099811676086 0.4033232628398791 0.02780916509730066 0.05740181268882175
8 0.45677966101694917 0.32628398791540786 0.025863151286880066 0.0513595166163142
8 0.45086315128688004 0.09214501510574018 0.03223477715003131 0.061933534743202415
8 0.4545197740112994 0.027190332326283987 0.027306967984934045 0.045317220543806644
8 0.6452919020715631 0.783987915407855 0.0940677966101695 0.24471299093655588
8 0.48551475204017575 0.7220543806646526 0.022033898305084745 0.04078549848942598
6 0.45905524168236034 0.595166163141994 0.02460765850596352 0.061933534743202415
8 0.5533741368487132 0.49924471299093653 0.055712492153170236 0.2190332326283988
8 0.5006591337099812 0.3421450151057402 0.05677966101694915 0.16314199395770393
0 0.4904268675455116 0.5445619335347432 0.022818581293157513 0.03927492447129909
8 0.43615819209039547 0.2583081570996979 0.04566854990583806 0.1404833836858006
8 0.4553201506591337 0.15861027190332327 0.0332705586942874 0.06646525679758308
8 0.486519146264909 0.7462235649546828 0.04315756434400497 0.12084592145015106
6 0.4693973634651601 0.4871601208459215 0.03775894538606411 0.07250755287009064
8 0.4465630885122411 0.45770392749244715 0.05260514752040181 0.1646525679758308
2 0.5175141242937854 0.6661631419939577 0.01333961079723803 0.015105740181268883
2 0.4745134965473948 0.5898791540785498 0.014124293785310606 0.013595166163141994
2 0.47146892655367223 0.5574018126888217 0.011644695543000742 0.015105740181268883
2 0.46650973006905216 0.5196374622356495 0.00897677338355306 0.012084592145015106
2 0.4759259259259259 0.5219033232628398 0.013151286880100404 0.010574018126888218
2 0.47479598242310106 0.5151057401812689 0.013151286880100404 0.010574018126888218
