6 0.3831002331002331 0.49357429718875506 0.7662004662004662 0.3510040160642571
1 0.13183760683760684 0.27779562695225346 0.2636752136752137 0.22065149486836233
1 0.36866744366744364 0.32896028558679163 0.49980574980574977 0.20417670682730926
2 0.2857808857808858 0.5952922802320393 0.1011266511266511 0.13463632307005804
2 0.4148212898212898 0.591450245426149 0.07738927738927737 0.11816153502900484
2 0.5331196581196581 0.5775635876840697 0.1139471639471638 0.11706381079875058
2 0.5519425019425019 0.6796742525658189 0.1313908313908314 0.14413208389111995
2 0.41952214452214454 0.8717804551539491 0.16600621600621604 0.1670058009817045
2 0.7744366744366744 0.9221151271753683 0.14296814296814306 0.15576974564926357
1 0.8457847707847708 0.6473047746541722 0.24129759129759112 0.19854529228023185
