8 0.3266509433962264 0.6354166666666666 0.07193396226415094 0.20833333333333334
8 0.35141509433962265 0.40729166666666666 0.04245283018867924 0.1375
8 0.46403301886792453 0.459375 0.055424528301886794 0.15416666666666667
8 0.6061320754716981 0.44583333333333336 0.09316037735849056 0.17083333333333334
8 0.7275943396226415 0.4166666666666667 0.08136792452830188 0.13125
8 0.6491745283018868 0.2989583333333333 0.05188679245283019 0.08333333333333333
8 0.5972877358490566 0.228125 0.03891509433962264 0.06875
8 0.3632075471698113 0.22291666666666668 0.07193396226415094 0.052083333333333336
8 0.3608490566037736 0.2833333333333333 0.036556603773584904 0.09791666666666667
8 0.4534198113207547 0.3572916666666667 0.05188679245283019 0.09583333333333334
8 0.4369103773584906 0.284375 0.0330188679245283 0.06875
8 0.43042452830188677 0.23020833333333332 0.0330188679245283 0.0625
2 0.4840801886792453 0.20625 0.009433962264150943 0.029166666666666667
2 0.558372641509434 0.2375 0.008254716981132075 0.029166666666666667
