6 0.47638888888888886 0.49609375 0.1111111111111111 0.0296875
6 0.3972222222222222 0.4875 0.11666666666666667 0.028125
2 0.20972222222222223 0.5640625 0.027777777777777776 0.028125
2 0.15416666666666667 0.5625 0.016666666666666666 0.025
2 0.13333333333333333 0.56328125 0.019444444444444445 0.0203125
2 0.3236111111111111 0.5578125 0.030555555555555555 0.028125
2 0.4125 0.553125 0.027777777777777776 0.03125
2 0.44722222222222224 0.553125 0.019444444444444445 0.034375
2 0.6513888888888889 0.54296875 0.022222222222222223 0.0234375
2 0.7125 0.48515625 0.013888888888888888 0.0234375
2 0.7763888888888889 0.51015625 0.013888888888888888 0.021875
2 0.7944444444444444 0.50703125 0.019444444444444445 0.0265625
