8 0.4952798663324979 0.3740819209039548 0.1730158730158731 0.14541745134965472
8 0.42268170426065166 0.38831607030759574 0.10969089390142021 0.10466101694915249
8 0.35634920634920636 0.561605461393597 0.14093567251461986 0.11974262397991203
8 0.36470342522974103 0.5033741368487131 0.12389306599832924 0.09419334588826107
8 0.2896825396825397 0.6437303829252982 0.10885547201336672 0.09406779661016944
8 0.318796992481203 0.6800141242937854 0.10918964076858817 0.09830508474576291
1 0.33174603174603173 0.7543236032642812 0.05288220551378445 0.05125549278091635
8 0.2624477861319967 0.7505649717514123 0.10927318295739347 0.05172630257376018
8 0.22781954887218042 0.7364956057752667 0.11077694235588974 0.07079409918392966
8 0.5509607351712614 0.2643047708725675 0.17619047619047623 0.09039548022598874
