0 0.17564655172413793 0.5660377358490566 0.2413793103448276 0.07547169811320754
0 0.6864224137931034 0.4722877358490566 0.1724137931034483 0.05778301886792453
0 0.8308189655172413 0.40035377358490565 0.1788793103448276 0.049528301886792456
2 0.5538793103448276 0.46403301886792453 0.036637931034482756 0.045990566037735846
2 0.5883620689655172 0.46875 0.023706896551724137 0.04481132075471698
2 0.53125 0.35259433962264153 0.02586206896551724 0.027122641509433963
2 0.44396551724137934 0.3431603773584906 0.03879310344827586 0.0330188679245283
2 0.35129310344827586 0.566627358490566 0.04525862068965517 0.055424528301886794
2 0.30926724137931033 0.5571933962264151 0.05172413793103448 0.06839622641509434
2 0.6573275862068966 0.39799528301886794 0.036637931034482756 0.0330188679245283
2 0.6864224137931034 0.39858490566037735 0.03017241379310345 0.041273584905660375
2 0.26939655172413796 0.5430424528301887 0.02586206896551724 0.025943396226415096
