2 0.06721698113207547 0.8774038461538461 0.13443396226415094 0.24519230769230768
2 0.08608490566037735 0.8088942307692307 0.11202830188679246 0.3004807692307692
2 0.14563679245283018 0.7608173076923077 0.08372641509433962 0.3293269230769231
2 0.10731132075471699 0.5108173076923077 0.07429245283018868 0.2548076923076923
2 0.1733490566037736 0.47716346153846156 0.08490566037735849 0.28125
2 0.23643867924528303 0.5036057692307693 0.09551886792452831 0.23317307692307693
2 0.2535377358490566 0.35697115384615385 0.07900943396226415 0.25961538461538464
2 0.3284198113207547 0.40024038461538464 0.08490566037735849 0.2860576923076923
2 0.4050707547169811 0.28365384615384615 0.08254716981132075 0.24519230769230768
2 0.5306603773584906 0.33653846153846156 0.09198113207547169 0.2668269230769231
2 0.6179245283018868 0.31850961538461536 0.14622641509433962 0.24519230769230768
2 0.6020047169811321 0.17307692307692307 0.125 0.25240384615384615
2 0.6904481132075472 0.24158653846153846 0.12971698113207547 0.25
2 0.7045990566037735 0.18389423076923078 0.10141509433962265 0.23557692307692307
2 0.7806603773584906 0.09134615384615384 0.08490566037735849 0.18269230769230768
2 0.5831367924528302 0.8978365384615384 0.14150943396226415 0.20432692307692307
2 0.8767688679245284 0.38221153846153844 0.07900943396226415 0.2548076923076923
