6 0.39593768371546156 0.3358757062146893 0.14612580834803066 0.13845992885540911
2 0.21770135214579658 0.2407512031805817 0.019835390946502024 0.06359070935342125
2 0.2548971193415638 0.2714026644346795 0.017554379776601955 0.05035223547464595
2 0.2939564961787184 0.30116133082234775 0.02078777189888295 0.05514403292181069
2 0.29584950029394474 0.25552765571597963 0.02023515579071139 0.053246843830647955
2 0.3477601410934744 0.2521866499267629 0.011122868900646747 0.04359349933737882
2 0.3661199294532628 0.24419334588826114 0.017119341563785917 0.05787124224035714
2 0.37974720752498525 0.21252702796958917 0.01760141093474438 0.05411871381739558
2 0.4320987654320988 0.25864895026853596 0.017554379776602073 0.050352235474646054
2 0.37063492063492065 0.26409290646578787 0.01378012933568491 0.04460486852200606
2 0.38429159318048206 0.27245937085861754 0.013756613756613757 0.04272162935063119
2 0.23621399176954733 0.22051684452814393 0.014767783656672508 0.0389830508474576
