6 0.133984375 0.7708333333333334 0.0578125 0.04722222222222222
6 0.297265625 0.5173611111111112 0.028125 0.025
6 0.2828125 0.5055555555555555 0.02734375 0.025
6 0.272265625 0.5006944444444444 0.02421875 0.022222222222222223
6 0.2609375 0.49722222222222223 0.02578125 0.02638888888888889
6 0.18203125 0.425 0.01875 0.022222222222222223
6 0.40625 0.5791666666666667 0.03671875 0.03333333333333333
6 0.509765625 0.5895833333333333 0.0359375 0.029166666666666667
8 0.15234375 0.7041666666666667 0.05 0.06111111111111111
8 0.125 0.6861111111111111 0.05703125 0.06111111111111111
1 0.323828125 0.5354166666666667 0.0234375 0.029166666666666667
8 0.237109375 0.4791666666666667 0.03046875 0.0375
6 0.246875 0.4847222222222222 0.02578125 0.027777777777777776
8 0.19765625 0.4166666666666667 0.0234375 0.030555555555555555
8 0.350390625 0.5451388888888888 0.03125 0.04027777777777778
8 0.365234375 0.5520833333333334 0.03203125 0.03888888888888889
8 0.367578125 0.5736111111111111 0.04140625 0.05138888888888889
8 0.33984375 0.38263888888888886 0.02890625 0.03333333333333333
8 0.54453125 0.42916666666666664 0.0265625 0.03333333333333333
8 0.584375 0.4361111111111111 0.0234375 0.03194444444444444
8 0.702734375 0.4798611111111111 0.02890625 0.04027777777777778
8 0.7359375 0.5006944444444444 0.021875 0.03611111111111111
8 0.757421875 0.5027777777777778 0.02265625 0.04027777777777778
8 0.823828125 0.5701388888888889 0.06015625 0.04027777777777778
8 0.323828125 0.6368055555555555 0.11796875 0.10277777777777777
8 0.380859375 0.39305555555555555 0.01875 0.027777777777777776
6 0.448828125 0.37916666666666665 0.0296875 0.027777777777777776
8 0.0546875 0.9298611111111111 0.090625 0.1111111111111111
8 0.48203125 0.5527777777777778 0.1109375 0.043055555555555555
8 0.569140625 0.5034722222222222 0.0796875 0.058333333333333334
0 0.469140625 0.4409722222222222 0.01796875 0.029166666666666667
8 0.621875 0.41805555555555557 0.06953125 0.044444444444444446
0 0.905859375 0.5805555555555556 0.053125 0.04027777777777778
8 0.889453125 0.5486111111111112 0.0234375 0.04027777777777778
8 0.66875 0.47152777777777777 0.03125 0.04027777777777778
1 0.125 0.7090277777777778 0.02421875 0.043055555555555555
8 0.368359375 0.3888888888888889 0.059375 0.044444444444444446
6 0.5015625 0.4201388888888889 0.03359375 0.04722222222222222
8 0.519921875 0.38958333333333334 0.08125 0.05
2 0.40390625 0.45694444444444443 0.00625 0.019444444444444445
2 0.448828125 0.4048611111111111 0.00546875 0.020833333333333332
2 0.465625 0.4076388888888889 0.00625 0.016666666666666666
2 0.485546875 0.4076388888888889 0.00546875 0.0125
2 0.4828125 0.42291666666666666 0.003125 0.020833333333333332
2 0.486328125 0.4222222222222222 0.003125 0.020833333333333332
2 0.484765625 0.4652777777777778 0 0
