2 0.985613425925926 0.5458538743521679 0.028773148148147954 0.032676020730628245
2 0.9672106481481482 0.49614460877259514 0.06557870370370367 0.035646568069776306
2 0.9683796296296296 0.43537479458981165 0.06324074074074063 0.04379977246871438
2 0.9302430555555556 0.4302869422323347 0.10277777777777786 0.02964227025660465
2 0.9013657407407407 0.4100303375047402 0.11914351851851848 0.03710024017191256
2 0.9405902777777777 0.34973454683352295 0.1188194444444445 0.03115914549361645
6 0.8069907407407406 0.6683731513083049 0.18043981481481453 0.14321830362785984
2 0.9392939814814815 0.7161547212741752 0.08604166666666657 0.01877133105802048
2 0.9240972222222222 0.6773479964606245 0.07446759259259253 0.02679812918720767
6 0.9263310185185185 0.628460371634433 0.14733796296296298 0.19447604601188215
