6 0.4340149786437307 0.02679463171036205 0.07656076297466516 0.0535892634207241
6 0.14988883037856182 0.32006866416978774 0.02752910888771868 0.03648564294631708
6 0.2880170850155052 0.3198293799417395 0.030132818442455096 0.04222846441947565
6 0.31654086946346033 0.32043799417394925 0.028494529284418747 0.04074074074074075
6 0.33454742262009246 0.3251196421140241 0.029225908372827805 0.03937786100707453
6 0.3493066526241882 0.32786100707449023 0.030132818442455096 0.04222846441947565
6 0.37503656895442045 0.3279130253849355 0.034082265519864256 0.04243653766125676
6 0.5471739512023872 0.35544111527257594 0.03437481715522804 0.04945900957136904
6 0.6523755192791527 0.41042446941323346 0.03510619624363692 0.048096129837702825
1 0.36245684863378386 0.044949022055763635 0.0342285413375461 0.06486683312526009
8 0.33979872447486986 0.061626092384519354 0.06041191270259204 0.10688722430295464
8 0.39389152185360715 0.06792550977944237 0.0519864256041191 0.09383062838119019
8 0.5176993739395003 0.2464991677070329 0.09145164121467443 0.15196629213483145
8 0.5108975484172956 0.339757594673325 0.03931893979287348 0.07354348730753225
8 0.48439237025334964 0.34959945900957135 0.03314610028670067 0.057802746566791526
8 0.46489380375636297 0.34710778193924263 0.03308758995962789 0.05639825218476905
1 0.42520917441928496 0.33512276321265083 0.024545082207009405 0.04053266749895964
8 0.2720437657246504 0.31644818976279654 0.03709554736410983 0.05801081980857264
8 0.16103504768591656 0.340595089471494 0.0389971329939734 0.04689970869746147
8 0.28083494236732787 0.4609654598418643 0.025217950968345868 0.03776529338327095
8 0.30394652156105556 0.46467436537661255 0.03510619624363701 0.048096129837702825
8 0.3407495172898017 0.47399604660840616 0.056755017260546485 0.07586350395339161
8 0.36036510444093384 0.4792967124427798 0.02527646129541864 0.039169787765293416
8 0.6024515827043473 0.41868497711194336 0.11991691533555669 0.09740948813982529
8 0.636972675677257 0.5062473990844778 0.09926276987888351 0.09351851851851853
8 0.6151775788426657 0.591146483562214 0.07778947984319218 0.06996462754889717
8 0.5960593294716517 0.559779442363712 0.018781814990345837 0.034623387432376286
8 0.7711076004914867 0.5906731169371618 0.019864256041191363 0.04168747399084474
8 0.7892896846293371 0.5995682480233042 0.019805745714118587 0.040282979608822427
8 0.8829939734363116 0.5875936329588015 0.056842782751155646 0.059051186017478205
8 0.954617927564215 0.7039950062421972 0.09076414487156982 0.08500832292967135
0 0.49157451290152715 0.4934977111943403 0.030015797788309637 0.03941947565543063
8 0.5124626996664912 0.5578495630461923 0.0791352173658651 0.06442987931751978
8 0.5110877069802819 0.5248439450686642 0.03455034813644619 0.05367249271743662
6 0.4237171610789305 0.5273356221389929 0.0315955766192733 0.039502704952143135
8 0.7291556959803405 0.590771951727008 0.023082324030191288 0.04325842696629207
8 0.6893247908255807 0.57527569704536 0.024896144169445873 0.04895963379109447
2 0.44189924521678076 0.4602215980024969 0.008045169972500174 0.02284644194756552
2 0.3782692645251887 0.5860330836454432 0.004476040021063778 0.01284852267998336
2 0.4546983792639401 0.5109238451935082 0.006055818852027443 0.012931751976695709
2 0.4582382540518401 0.5198866000832293 0.00538295009069098 0.01569912609238456
2 0.4787314961090633 0.5272523928422805 0.0069627289216546455 0.01578235538909691
2 0.4814083435726406 0.5059977111943403 0.004534550348136553 0.014253017062005833
2 0.48622081797437244 0.517004785684561 0.007986659645427397 0.02144194756554305
2 0.49098940963079984 0.5174573449854348 0.007986659645427397 0.02144194756554305
2 0.48531390790474516 0.5332397003745318 0.009507928149318287 0.020120682480233087
2 0.4854163009771224 0.5642009987515606 0.008483997425545715 0.014461090303786945
2 0.49492422912644085 0.5644038701622971 0.005324439763618385 0.014294631710362087
2 0.7416915335556726 0.5971493965875989 0.009507928149318287 0.020120682480233087
1 0.6816014276519805 0.7129213483146067 0.01758235328535476 0.02475031210986273
8 0.7153911415364812 0.7639253017062005 0.016002574454391093 0.02466708281315022
0 0.9465946989643672 0.6130982105701207 0.05611140366274641 0.06041406575114442
8 0.9108448891229302 0.6290574282147317 0.026300392019191574 0.044829379941739564
6 0.9454976303317536 0.7102788181439866 0.04669124100403737 0.06131918435289216
