2 0.15153301886792453 0.9362980769230769 0.054245283018867926 0.06971153846153846
2 0.16745283018867924 0.8389423076923077 0.055424528301886794 0.06009615384615385
2 0.1821933962264151 0.7560096153846154 0.04363207547169811 0.07692307692307693
2 0.125 0.6694711538461539 0.054245283018867926 0.09134615384615384
2 0.19693396226415094 0.6850961538461539 0.045990566037735846 0.07932692307692307
2 0.21639150943396226 0.6141826923076923 0.04363207547169811 0.09375
2 0.23938679245283018 0.5588942307692307 0.04481132075471698 0.08413461538461539
2 0.2270047169811321 0.4579326923076923 0.04481132075471698 0.07932692307692307
2 0.28714622641509435 0.46875 0.041273584905660375 0.09615384615384616
2 0.31485849056603776 0.42788461538461536 0.031839622641509434 0.09134615384615384
2 0.3278301886792453 0.36658653846153844 0.03773584905660377 0.0889423076923077
2 0.3455188679245283 0.3137019230769231 0.030660377358490566 0.09134615384615384
2 0.3696933962264151 0.2824519230769231 0.03419811320754717 0.0985576923076923
2 0.41391509433962265 0.24278846153846154 0.03537735849056604 0.10096153846153846
2 0.44398584905660377 0.19831730769230768 0.03537735849056604 0.10576923076923077
2 0.45990566037735847 0.1466346153846154 0.025943396226415096 0.0889423076923077
2 0.48702830188679247 0.1310096153846154 0.025943396226415096 0.0985576923076923
2 0.5117924528301887 0.09014423076923077 0.024764150943396228 0.10336538461538461
2 0.5471698113207547 0.04326923076923077 0.031839622641509434 0.08653846153846154
2 0.6020047169811321 0.33533653846153844 0.025943396226415096 0.09615384615384616
