8 0.4670682730923694 0.8474586288416075 0.3035698348951362 0.30508274231678495
8 0.2032351628737171 0.5140661938534279 0.19647478804105312 0.19172576832151306
8 0.39381972333779564 0.4249408983451537 0.2036144578313253 0.18803782505910158
8 0.3555555555555555 0.3210401891252955 0.1399375278893351 0.13418439716312056
8 0.5935296742525658 0.48416075650118207 0.2034359660865685 0.17952718676122936
8 0.6595046854082999 0.6475886524822695 0.22668451584114221 0.1983451536643025
8 0.7587684069611781 0.44827423167848696 0.144756804997769 0.13456264775413704
8 0.9685185185185186 0.5182505910165485 0.0629629629629628 0.1162174940898346
8 0.9310240963855422 0.8868085106382979 0.13795180722891567 0.20449172576832145
2 0.12083891120035699 0.3132387706855792 0.020392681838464967 0.054704491725768314
