6 0.5000411522633744 0.5674042686754551 0.0267136978248089 0.04289600334798068
6 0.47415637860082305 0.5547708725674827 0.027648442092886614 0.0472379158819837
6 0.42368606701940037 0.5623038292529817 0.03754850088183423 0.05979284369114867
6 0.38713403880070546 0.5468455743879472 0.03264550264550264 0.05492780916509734
6 0.3103615520282187 0.5303410755388157 0.049082892416225744 0.07396944967566446
6 0.44802469135802475 0.5016739903745554 0.04090534979423857 0.04195438376229336
2 0.43776014109347444 0.6663004812722327 0.047142857142857215 0.15808746599707044
2 0.3918224573780129 0.6574074074074074 0.01868900646678423 0.06293157564344003
2 0.40636096413874195 0.6756382088302992 0.016072898295120496 0.05555555555555545
2 0.32364197530864197 0.6342331031596569 0.014432686654908903 0.030027202343586655
2 0.3116196355085244 0.6361948106298388 0.01447971781305112 0.03143963172211757
2 0.28201058201058204 0.5798022598870056 0.015790711346266837 0.04708097928436917
2 0.27080540858318636 0.5811623770663318 0.014203409758965339 0.046871730487549744
2 0.2128365667254556 0.6104048964218455 0.016072898295120496 0.05555555555555545
2 0.27404467960023515 0.5078206737811258 0.009764844209288664 0.03222431471019037
2 0.2518988830099941 0.5744141033689056 0.01672545561434455 0.05142289181837202
2 0.2579923574368019 0.5709614982213853 0.017472075249853038 0.05011508683825074
6 0.4061022927689595 0.49189160912324753 0.0443621399176955 0.05084745762711865
6 0.4838771310993534 0.514202762084118 0.030587889476778256 0.04059426658296702
6 0.36325984714873605 0.5217095626700146 0.028489124044679626 0.0487549696589244
2 0.26659905937683714 0.5040018832391714 0.010699588477366288 0.03656622724419338
2 0.21723985890652553 0.5499843063402385 0.011728395061728436 0.04373299853525854
2 0.20900058788947676 0.5460608913998745 0.013503821281599068 0.0495919648462021
2 0.200761316872428 0.5421374764595104 0.014438565549676647 0.05393387738020511
