2 0.3950326112275798 0.47774603174603175 0.04221989284882366 0.14708994708994705
2 0.4370486839040298 0.4561164021164021 0.04204518984393184 0.13851851851851849
2 0.6722862799906825 0.3067724867724868 0.06085488003726996 0.13769312169312165
2 0.5478395061728395 0.5624973544973545 0.04385045422781276 0.15011640211640204
2 0.5675227113906359 0.5204656084656085 0.03447472629862558 0.15195767195767204
2 0.6042103424178896 0.5678306878306879 0.037619380386675894 0.15229629629629635
2 0.6147798742138365 0.511100529100529 0.030631260191008685 0.11733333333333332
2 0.6360062893081762 0.5088148148148148 0.0389005357558817 0.13817989417989418
2 0.689698346144887 0.5301164021164021 0.04536454693687397 0.1474285714285715
0 0.20748893547635686 0.40386243386243387 0.3038085255066387 0.3577142857142857
8 0.6901642208245982 0.43028571428571427 0.4762986256696948 0.5074285714285713
2 0.9345446075005823 0.48664550264550266 0.0440251572327044 0.1586878306878308
