6 0.480078125 0.4888888888888889 0.02265625 0.03333333333333333
6 0.50625 0.4875 0.02265625 0.0375
6 0.553515625 0.5145833333333333 0.03125 0.04583333333333333
6 0.590234375 0.5145833333333333 0.02734375 0.043055555555555555
6 0.665625 0.5298611111111111 0.04140625 0.05555555555555555
6 0.5375 0.44722222222222224 0.0375 0.02638888888888889
2 0.527734375 0.6090277777777777 0.02890625 0.14305555555555555
2 0.57265625 0.61875 0.01171875 0.05694444444444444
2 0.556640625 0.6305555555555555 0.01015625 0.05
2 0.640625 0.6236111111111111 0.0109375 0.025
2 0.651953125 0.6305555555555555 0.0109375 0.02638888888888889
2 0.687109375 0.5881944444444445 0.01015625 0.041666666666666664
2 0.69765625 0.59375 0.00859375 0.043055555555555555
2 0.749609375 0.6451388888888889 0.01015625 0.05
2 0.703125 0.5222222222222223 0.00625 0.029166666666666667
2 0.71640625 0.5951388888888889 0.0109375 0.04583333333333333
2 0.7109375 0.5895833333333333 0.01171875 0.044444444444444446
6 0.57890625 0.45416666666666666 0.03984375 0.03333333333333333
6 0.5015625 0.4444444444444444 0.0265625 0.029166666666666667
6 0.61640625 0.5 0.0234375 0.03888888888888889
2 0.7109375 0.5222222222222223 0.00625 0.03333333333333333
2 0.752734375 0.5854166666666667 0.00703125 0.04027777777777778
2 0.7609375 0.5854166666666667 0.0078125 0.04583333333333333
2 0.769140625 0.5847222222222223 0.00859375 0.05
