1 0.19721918639951427 0.7661570661570662 0.11139040680024284 0.16517426517426492
2 0.2784820886460231 0.7801164801164802 0.09090467516697028 0.034889434889435
2 0.3462780813600486 0.8007553007553007 0.09228901032179722 0.031213031213031192
4 0.49159684274438376 0.6155155155155155 0.16936247723132972 0.17409227409227396
4 0.579666059502125 0.7633679133679134 0.15652701882210085 0.15437255437255432
4 0.5970248937462053 0.6234689234689234 0.1091803278688523 0.13323323323323324
8 0.4825804493017608 0.4496814996814997 0.1911596842744384 0.20491400491400485
1 0.2162416514875531 0.27136682136682133 0.13905282331511834 0.114978614978615
1 0.31791135397692777 0.8644553644553645 0.1217972070431087 0.031376831376831206
6 0.36326047358834246 0.1935890435890436 0.17302975106253793 0.13235963235963238
2 0.44427443837279906 0.23947583947583947 0.07261687917425624 0.031103831103831137
2 0.4300971463266545 0.14115479115479115 0.049326047358834176 0.026062426062426064
2 0.45144505160898607 0.18916643916643916 0.054414086217364786 0.0285467285467285
2 0.4603521554341226 0.21132041132041132 0.06063145112325438 0.02366912366912365
4 0.672495446265938 0.7313404313404314 0.11774134790528229 0.11486031486031492
4 0.6424529447480267 0.83003003003003 0.15417122040072864 0.09664209664209646
4 0.7311900425015179 0.8335926835926837 0.09775349119611404 0.08650468650468635
1 0.8823315118397087 0.7325052325052325 0.10561020036429872 0.08163618163618167
