8 0.27102911369080523 0.35969162995594717 0.027132854247282068 0.08494044705498449
8 0.3862861617836742 0.7332843857072932 0.06149806522940853 0.07575460923478539
8 0.3782246176524784 0.7770109316364824 0.061590197162336414 0.07795725240659156
8 0.3694720840243228 0.8074563550334476 0.05375898286346041 0.06875509871104597
8 0.3360742583379399 0.999518681677272 0.03689883913764506 0.0009626366454560435
8 0.7453012714206744 0.3900962636645456 0.03514833241201384 0.09854788709414265
8 0.6698221853694489 0.4214553760809267 0.03229224249124757 0.08960678740414417
8 0.7433204348627234 0.5864578234622287 0.03924820342730803 0.048213411649535055
8 0.681545973834531 0.6626855930820689 0.02427676432651552 0.07599934736498601
8 0.6468813340703888 0.880510686898352 0.030864197530864154 0.08513623755914519
