1 0.09538530465949821 0.4707170640960595 0.11884707287933095 0.15604600033823776
1 0.2111409796893668 0.7906139015728056 0.1038231780167264 0.123727380348385
1 0.219578853046595 0.5973194655843057 0.1853643966547192 0.0919668526974463
2 0.14690860215053764 0.5063842381193979 0.10477897252090795 0.046338576018941334
2 0.22807646356033454 0.5144596651445966 0.10436081242532858 0.041772365973279234
4 0.3033303464755078 0.3481735159817352 0.26081242532855436 0.16932183324877392
4 0.4423984468339307 0.46155082022661936 0.25107526881720427 0.1508202266193135
4 0.4329151732377539 0.3360392355826146 0.16813022700119468 0.12333840690005078
8 0.8837514934289129 0.7579908675799086 0.13661887694145766 0.04271943176052764
4 0.8362305854241338 0.7440723828851683 0.1560931899641577 0.07972264501944878
4 0.7477897252090802 0.7004904447826822 0.2040023894862605 0.11983764586504297
4 0.6714755077658304 0.6356333502452224 0.2040023894862605 0.11983764586504324
4 0.5650985663082437 0.5938017926602401 0.20991636798088406 0.14050397429392858
4 0.5556600955794505 0.5126923727380348 0.19551971326164871 0.11503466937256884
4 0.5256421744324971 0.42642482665313713 0.14247311827956982 0.10664637239979705
4 0.6254928315412186 0.506773211567732 0.13461768219832723 0.10869271097581606
4 0.7104988052568697 0.5787163876204973 0.1503285543608124 0.10460003382377817
8 0.2742532855436081 0.2721799424995772 0.26475507765830353 0.08063588702858115
8 0.9646505376344087 0.7112548621681042 0.07069892473118268 0.0973955690850667
8 0.7419504181600955 0.3952054794520548 0.123626045400239 0.0764924742093692
2 0.6446236559139785 0.25459157787924913 0.06278375149342891 0.026889903602232354
