1 0.14322916666666666 0.7111111111111111 0.07291666666666667 0.06851851851851852
1 0.23333333333333334 0.7046296296296296 0.0765625 0.06666666666666667
1 0.23307291666666666 0.7421296296296296 0.08177083333333333 0.06666666666666667
2 0.15364583333333334 0.7425925925925926 0.0109375 0.05185185185185185
1 0.29140625 0.6861111111111111 0.0625 0.06759259259259259
8 0.5828125 0.8541666666666666 0.17447916666666666 0.1685185185185185
8 0.8028645833333333 0.850462962962963 0.18229166666666666 0.16296296296296298
8 0.7408854166666666 0.7314814814814815 0.06145833333333333 0.12407407407407407
8 0.8794270833333333 0.7111111111111111 0.04739583333333333 0.11851851851851852
8 0.8270833333333333 0.6375 0.041666666666666664 0.0787037037037037
8 0.7716145833333333 0.6416666666666667 0.04739583333333333 0.08888888888888889
2 0.8328125 0.6837962962962963 0.011458333333333333 0.04814814814814815
2 0.48802083333333335 0.7444444444444445 0.008333333333333333 0.05
2 0.4708333333333333 0.7513888888888889 0.009895833333333333 0.05462962962962963
8 0.8872395833333333 0.5763888888888888 0.0484375 0.06388888888888888
8 0.8291666666666667 0.4699074074074074 0.027083333333333334 0.062037037037037036
8 0.7794270833333333 0.5574074074074075 0.0421875 0.09444444444444444
