2 0.9667369901547116 0.3298109965635739 0.06652601969057678 0.26592210767468494
2 0.9572714486638538 0.388659793814433 0.08545710267229234 0.3544100801832759
2 0.9216174402250352 0.4166380297823597 0.11532114392873898 0.38917525773195877
2 0.943539615564932 0.70237686139748 0.10367557430848574 0.3190721649484535
2 0.867008907641819 0.7130870561282933 0.11257383966244733 0.3297823596792668
2 0.8028504453820909 0.6457617411225659 0.12014064697608992 0.32239404352806417
2 0.769887482419128 0.8040378006872851 0.10868260665729021 0.3038373424971364
2 0.6936427566807314 0.7194158075601375 0.10500703234880446 0.33717067583046956
2 0.6066432255039851 0.8095360824742268 0.10985466479137358 0.27812142038946147
2 0.47589310829817155 0.7018327605956473 0.12269104547585553 0.32766323024054983
2 0.37902015939990624 0.6871420389461625 0.17585560243788098 0.3300687285223366
2 0.3871964369432723 0.8446019473081328 0.15302390998593535 0.3107961053837344
2 0.29819971870604783 0.73631156930126 0.15936240037505864 0.3190148911798398
2 0.27690576652601967 0.7971935853379153 0.13140178152836382 0.2868270332187858
2 0.19541022034692923 0.8347365406643756 0.1031504922644163 0.174742268041237
2 0.11640412564463198 0.5129152348224514 0.10105016408813879 0.29318442153493707
2 0.4782090951711205 0.12084765177548684 0.14882325363338023 0.20515463917525775
