8 0.3822538860103627 0.7784998301053346 0.3109096142774898 0.34493713897383615
8 0.5546728075225485 0.6061841658171934 0.24056802916906544 0.24447842337750597
8 0.10629437727883324 0.39169215086646275 0.2125887545576665 0.23751274209989803
8 0.17222222222222222 0.1844546381243629 0.16385530608328536 0.1686544342507645
8 0.45417866052581074 0.3124447842337751 0.1508731529456917 0.16058443764865785
8 0.5417194396469008 0.45011892626571526 0.21972749952024553 0.21505266734624529
8 0.7505900978698906 0.547307169554876 0.21718480138169266 0.22628270472307171
8 0.8758107848781423 0.5060312606184165 0.14827288428324703 0.15805300713557605
8 0.9277393974285166 0.7930173292558614 0.12380541162924553 0.19019707781175657
8 0.009494338898483976 0.4814559972816853 0.018988677796967952 0.1326367652055725
2 0.6541402801765497 0.5258324838600068 0.026175398196123505 0.06659870880054373
2 0.6257532143542506 0.4968399592252803 0.018403377470734904 0.06588515120625214
