6 0.7296664824028009 0.6733670033670034 0.17562189054726346 0.24777777777777782
6 0.31882716049382714 0.2985690235690236 0.22522572323567341 0.2393602693602694
6 0.08341625207296849 0.08292929292929292 0.10713101160862354 0.16505050505050506
2 0.40898286346047535 0.9121548821548822 0.05562004790860513 0.1325420875420876
2 0.019868251335913027 0.4967508417508418 0.025069098949695962 0.08895622895622896
2 0.2798277132854247 0.8842760942760942 0.03494564215957246 0.08454545454545465
2 0.545992260917634 0.23574915824915824 0.021042933480744486 0.07072390572390574
1 0.6465726920950802 0.38026094276094274 0.058798599594619624 0.09850168350168347
1 0.6858347153123272 0.30921717171717167 0.09410355629261097 0.12851851851851848
1 0.6972037958356365 0.24347643097643099 0.07873594988022864 0.10104377104377103
1 0.5148194214114612 0.8056565656565656 0.1456513727658006 0.16329966329966328
1 0.4901234567901234 0.9276599326599327 0.16661138750690985 0.14468013468013458
1 0.3608116823290953 0.8172053872053872 0.15099502487562186 0.18609427609427615
1 0.30457435046987286 0.7232828282828282 0.16888704625023032 0.21587542087542086
1 0.15382347521651005 0.5905892255892256 0.15183342546526626 0.16111111111111118
1 0.135171365395246 0.47558922558922556 0.10163994840611756 0.1331649831649832
1 0.7710705730606228 0.46601851851851855 0.06154413119587226 0.11444444444444445
2 0.9401741293532339 0.503526936026936 0.028837295006449278 0.09127946127946132
