8 0.4497008547008547 0.11669180492709906 0.14299145299145297 0.17405731523378584
8 0.5808547008547008 0.2185771744595274 0.0927825261158594 0.12036199095022622
8 0.52335232668566 0.411965811965812 0.1069990503323837 0.14861739567621915
8 0.49755460588793926 0.6779537456008045 0.1265432098765432 0.22478632478632465
8 0.486358024691358 0.9078305681246858 0.09948717948717951 0.1843388637506284
8 0.5756077872744539 0.8005530417295122 0.06331433998100675 0.12257415786827558
8 0.6304036087369421 0.7256913021618905 0.05166191832858501 0.09451985922574169
8 0.6888271604938271 0.2937657114127702 0.049335232668565765 0.1508798391151332
8 0.6534900284900285 0.27176973353443945 0.06833808167141503 0.09808949220713926
8 0.5868328584995252 0.4214680744092509 0.07101614434947764 0.12543991955756664
8 0.6348575498575498 0.4127953745600805 0.04905033238366584 0.08300653594771237
8 0.6688366571699905 0.4165912518853695 0.04647673314339978 0.08054298642533941
2 0.6705603038936373 0.5218954248366013 0.01933523266856594 0.026395173453997025
2 0.6339316239316239 0.650201106083459 0.019325735992402733 0.024132730015083127
