8 0.3316378066378066 0.6045778138235559 0.12031024531024527 0.07619176353969546
8 0.41587902837902835 0.5579210597458772 0.1290163540163539 0.0849328647382175
8 0.5005531505531506 0.5167162296116068 0.1443843193843193 0.09628728485176175
8 0.6087000962000962 0.4523970442461927 0.15121452621452602 0.10133369379111473
1 0.6627405002405002 0.4090069388122916 0.10024050024050028 0.06713526178246378
8 0.7748436748436749 0.36946922591691445 0.1763227513227512 0.11295845724069568
4 0.8529280904280905 0.3181265206812652 0.17990620490620468 0.117914751734703
8 0.8075456950456951 0.47055510498332886 0.32665945165945176 0.15477155988104888
6 0.18136724386724384 0.6688519419662972 0.1207311207311207 0.08227448860052258
6 0.08679653679653679 0.7242948544651707 0.10519480519480519 0.06848697846264758
6 0.040746753246753246 0.769284491303956 0.04761904761904762 0.05596107055961071
