8 0.24069767441860465 0.5394005847953217 0.19069767441860466 0.07923976608187133
8 0.187984496124031 0.5711257309941521 0.18708010335917308 0.08128654970760221
8 0.41408268733850134 0.5405701754385965 0.17958656330749348 0.08318713450292387
8 0.3715762273901809 0.559795321637427 0.15452196382428943 0.06695906432748544
8 0.5636950904392765 0.5382309941520468 0.14651162790697678 0.06447368421052627
8 0.6837209302325581 0.5326023391812865 0.13023255813953497 0.05730994152046782
1 0.5377260981912144 0.3013157894736842 0.14677002583979332 0.06666666666666661
1 0.5944444444444444 0.30358187134502923 0.1511627906976744 0.07119883040935666
1 0.7324289405684754 0.318201754385965 0.14625322997416026 0.062280701754385916
1 0.8162790697674418 0.33596491228070174 0.10594315245478028 0.04766081871345033
1 0.8479328165374677 0.34027777777777785 0.11395348837209293 0.050146198830409376
1 0.49754521963824294 0.03764619883040936 0.21989664082687344 0.07529239766081872
8 0.10142118863049095 0.5633771929824561 0.07338501291989666 0.06608187134502923
8 0.513953488372093 0.5621345029239767 0.08475452196382433 0.031578947368421255
8 0.7720930232558139 0.5226608187134503 0.0865633074935402 0.04692982456140346
8 0.8487080103359174 0.5285818713450292 0.10645994832041333 0.05204678362573103
8 0.9294573643410853 0.5200292397660818 0.09870801033591743 0.05175438596491233
8 0.9782299741602067 0.5187865497076023 0.04354005167958662 0.03976608187134501
8 0.7518087855297158 0.5487573099415205 0.10025839793281657 0.032163742690058394
8 0.6299741602067184 0.5555555555555556 0.08475452196382433 0.03157894736842113
