2 0.4879032258064516 0.3242919389978213 0.08548387096774193 0.09821350762527233
2 0.4870967741935484 0.40371459694989104 0.08064516129032258 0.09814814814814801
2 0.4629032258064516 0.8555119825708062 0.08225806451612903 0.13346405228758157
2 0.5741935483870968 0.5878322440087146 0.08709677419354839 0.10117647058823523
2 0.5564516129032258 0.6307189542483661 0.08709677419354839 0.08647058823529405
2 0.5919354838709677 0.6890631808278866 0.08709677419354839 0.09235294117647053
2 0.5629032258064516 0.7188671023965141 0.06774193548387097 0.07444444444444451
2 0.5669354838709677 0.7570479302832245 0.08064516129032258 0.0952069716775601
2 0.5919354838709677 0.8508278867102397 0.08548387096774193 0.10409586056644872
0 0.41774193548387095 0.14784313725490195 0.1967741935483871 0.2956862745098039
8 0.5161290322580645 0.6974400871459695 0.3 0.5952287581699347
