8 0.6816037735849056 0.7036637931034483 0.3466981132075472 0.5926724137931034
6 0.53125 0.35237068965517243 0.3313679245283019 0.30387931034482757
2 0.39681603773584906 0.07327586206896551 0.01768867924528302 0.07974137931034483
2 0.4345518867924528 0.10452586206896551 0.01768867924528302 0.07327586206896551
2 0.46403301886792453 0.1713362068965517 0.01768867924528302 0.0668103448275862
2 0.49764150943396224 0.07866379310344827 0.014150943396226415 0.0668103448275862
2 0.6780660377358491 0.12176724137931035 0.01650943396226415 0.07543103448275862
2 0.6320754716981132 0.08728448275862069 0.015330188679245283 0.07974137931034483
2 0.597877358490566 0.07758620689655173 0.020047169811320754 0.07327586206896551
2 0.5819575471698113 0.10991379310344827 0.020047169811320754 0.07974137931034483
