6 0.30218767990788714 0.6498420221169037 0.20951832661677225 0.30489731437598727
6 0.7331030512377662 0.22369668246445498 0.23254653617347928 0.2721958925750395
6 0.9444204567261563 0.033135860979462875 0.06092880445212041 0.06627172195892575
1 0.5485175590097869 0.886650868878357 0.16527537900594896 0.11484992101105852
1 0.5218240260986375 0.792654028436019 0.15036461331798112 0.19115323854660338
1 0.684494338898484 0.7858609794628751 0.15568029169065442 0.20837282780410757
1 0.7387593552101324 0.6819905213270142 0.17276914219919395 0.24123222748815154
1 0.8944012665515257 0.5278041074249604 0.15548838994434838 0.18467614533965246
1 0.9090049894454039 0.40979462875197475 0.10736902705814626 0.155134281200632
1 0.3744051045864517 0.36113744075829385 0.06170600652465944 0.1093206951026856
1 0.24888696987142583 0.4725118483412322 0.06046824026098634 0.11627172195892574
1 0.3317309537516791 0.2951816745655608 0.09555747457301852 0.13475513428120064
1 0.3175350220687008 0.22338072669826223 0.07854538476300141 0.11137440758293839
2 0.6293609671848014 0.8625592417061612 0.049779312991748224 0.07472353870458129
2 0.304135482632892 0.5701421800947868 0.029034734216081354 0.06982622432859407
2 0.47942333525235087 0.20007898894154819 0.029169065438495435 0.08641390205371248
2 0.06838898483976204 0.519431279620853 0.026616772212627128 0.09083728278041084
