8 0.4050707547169811 0.15104166666666666 0.04363207547169811 0.035416666666666666
8 0.6079009433962265 0.35104166666666664 0.036556603773584904 0.09375
8 0.6308962264150944 0.3385416666666667 0.03773584905660377 0.09375
8 0.6468160377358491 0.325 0.0330188679245283 0.08333333333333333
8 0.7700471698113207 0.27291666666666664 0.04009433962264151 0.058333333333333334
8 0.43160377358490565 0.9447916666666667 0.05070754716981132 0.04791666666666667
8 0.44693396226415094 0.81875 0.045990566037735846 0.04375
8 0.5371462264150944 0.9520833333333333 0.02358490566037736 0.075
8 0.5760613207547169 0.84375 0.03891509433962264 0.03125
8 0.6922169811320755 0.7895833333333333 0.04363207547169811 0.041666666666666664
