2 0.06898584905660378 0.8737980769230769 0.13797169811320756 0.25240384615384615
2 0.08313679245283019 0.7728365384615384 0.08254716981132075 0.18509615384615385
2 0.14976415094339623 0.7560096153846154 0.07783018867924528 0.3389423076923077
2 0.11674528301886793 0.5036057692307693 0.06839622641509434 0.17307692307692307
2 0.16214622641509435 0.47475961538461536 0.09198113207547169 0.2980769230769231
2 0.24646226415094338 0.49158653846153844 0.07547169811320754 0.23557692307692307
2 0.25412735849056606 0.3473557692307692 0.08018867924528301 0.2548076923076923
2 0.3242924528301887 0.38461538461538464 0.05306603773584906 0.2692307692307692
2 0.39799528301886794 0.2668269230769231 0.07075471698113207 0.22596153846153846
2 0.5283018867924528 0.31490384615384615 0.07547169811320754 0.22355769230769232
2 0.6143867924528302 0.32211538461538464 0.10849056603773585 0.23557692307692307
2 0.597877358490566 0.1622596153846154 0.10849056603773585 0.2548076923076923
2 0.6869103773584906 0.2548076923076923 0.125 0.27884615384615385
2 0.7028301886792453 0.1658653846153846 0.10023584905660378 0.23317307692307693
2 0.78125 0.08413461538461539 0.08490566037735849 0.16826923076923078
2 0.8744103773584906 0.37259615384615385 0.07547169811320754 0.25
2 0.5731132075471698 0.8882211538461539 0.12853773584905662 0.22355769230769232
