2 0.40390625 0.5269886363636364 0.034375 0.13920454545454544
2 0.44453125 0.5071022727272727 0.0359375 0.13068181818181818
2 0.671875 0.36079545454545453 0.0546875 0.125
2 0.56015625 0.6136363636363636 0.0359375 0.14204545454545456
2 0.578125 0.5724431818181818 0.0265625 0.14488636363636365
2 0.6171875 0.6193181818181818 0.0296875 0.14488636363636365
2 0.625 0.5625 0.025 0.11079545454545454
2 0.64609375 0.5610795454545454 0.0328125 0.13068181818181818
2 0.7 0.5823863636363636 0.0375 0.13920454545454544
0 0.21328125 0.45170454545454547 0.2875 0.29829545454545453
8 0.69609375 0.484375 0.453125 0.4119318181818182
2 0.9421875 0.5426136363636364 0.0359375 0.15056818181818182
