2 0.7670454545454546 0.5796875 0.10795454545454546 0.090625
2 0.6164772727272727 0.578125 0.09090909090909091 0.071875
2 0.3465909090909091 0.43984375 0.10227272727272728 0.0953125
2 0.18607954545454544 0.4328125 0.07670454545454546 0.071875
2 0.17613636363636365 0.36484375 0.11079545454545454 0.0625
2 0.3835227272727273 0.32109375 0.09375 0.08125
2 0.6605113636363636 0.3765625 0.09659090909090909 0.0703125
2 0.3622159090909091 0.2421875 0.07954545454545454 0.078125
2 0.2784090909090909 0.18515625 0.07386363636363637 0.0875
2 0.6122159090909091 0.17890625 0.08522727272727272 0.09375
2 0.6917613636363636 0.16328125 0.08522727272727272 0.0859375
2 0.9161931818181818 0.1546875 0.07102272727272728 0.08125
2 0.9076704545454546 0.24609375 0.07386363636363637 0.0765625
2 0.07954545454545454 0.415625 0.1534090909090909 0.0546875
