2 0.6842857142857143 0.7359375 0.04 0.0625
2 0.5985714285714285 0.72421875 0.04 0.0640625
2 0.49714285714285716 0.734375 0.05714285714285714 0.0625
2 0.4785714285714286 0.6984375 0.03428571428571429 0.0484375
2 0.44142857142857145 0.68671875 0.045714285714285714 0.05625
2 0.3485714285714286 0.71953125 0.03142857142857143 0.0671875
6 0.8728571428571429 0.60546875 0.2542857142857143 0.0734375
6 0.83 0.8921875 0.34 0.1640625
2 0.9657142857142857 0.66484375 0.04285714285714286 0.040625
2 0.8857142857142857 0.6625 0.03428571428571429 0.034375
6 0.8342857142857143 0.71328125 0.3314285714285714 0.134375
