1 0.49643285371702633 0.8541666666666666 0.26900479616306966 0.2916666666666667
1 0.8366906474820145 0.057692307692307696 0.03836930455635478 0.0641025641025641
1 0.8766786570743405 0.032852564102564104 0.030695443645083823 0.05128205128205128
1 0.91121103117506 0.01842948717948718 0.031055155875299733 0.03685897435897436
1 0.19955035971223023 0.3942307692307692 0.09838129496402881 0.10576923076923077
6 0.8860911270983213 0.4951923076923077 0.22781774580335745 0.3333333333333333
6 0.18255395683453238 0.6610576923076923 0.3235011990407674 0.3060897435897436
1 0.109052757793765 0.4150641025641026 0.08735011990407673 0.09935897435897435
1 0.03639088729016786 0.43189102564102566 0.0447242206235012 0.11378205128205128
1 0.8993405275779376 0.12179487179487179 0.06187050359712246 0.09134615384615384
