1 0.40458333333333335 0.8548148148148148 0.21916666666666668 0.26666666666666666
1 0.8095833333333333 0.1948148148148148 0.029166666666666667 0.05185185185185185
1 0.8491666666666666 0.18296296296296297 0.023333333333333334 0.04148148148148148
1 0.8833333333333333 0.1711111111111111 0.024166666666666666 0.044444444444444446
1 0.1875 0.3348148148148148 0.08166666666666667 0.07555555555555556
6 0.8570833333333333 0.6081481481481481 0.28583333333333333 0.25037037037037035
6 0.14041666666666666 0.5711111111111111 0.2758333333333333 0.2088888888888889
1 0.1025 0.33037037037037037 0.07166666666666667 0.0725925925925926
1 0.024583333333333332 0.3251851851851852 0.049166666666666664 0.09333333333333334
1 0.8595833333333334 0.2688888888888889 0.04833333333333333 0.0725925925925926
