6 0.7759912402028586 0.5745932848736587 0.40398801290917463 0.42592592592592593
6 0.532941447671738 0.5876312449521172 0.14188566159520521 0.28014307142032996
6 0.3963001383125864 0.5833910234221761 0.1855002305209775 0.21812622591438777
6 0.28528123559243884 0.5623052959501558 0.06703550023052102 0.1909541940694589
6 0.22393960350391887 0.578458520826122 0.09306131857999078 0.2000692281066113
6 0.16732365145228217 0.590198453905619 0.04695712309820192 0.1638398523133726
2 0.7806131857999079 0.36725510557286256 0.08390963577685548 0.1415137879312334
2 0.6935223605348086 0.37383177570093457 0.07148455509451353 0.14168685819776158
2 0.5586675887505763 0.42382023768316607 0.06390041493775948 0.11907234337140864
2 0.061572153065928996 0.5980731510326526 0.039004149377593354 0.11630321910695754
2 0.01938681420009221 0.6144282912195684 0.02402028584601198 0.08353524864428281
2 0.5596818810511757 0.4252624899042345 0.05553250345781463 0.11347640475366332
