6 0.7805 0.6289355322338831 0.373 0.33883058470764615
6 0.546 0.6334332833583208 0.125 0.24587706146926536
6 0.4135 0.6251874062968515 0.17 0.17691154422788605
6 0.305 0.6019490254872564 0.056 0.1724137931034483
6 0.2465 0.6154422788605697 0.081 0.17691154422788605
6 0.192 0.6244377811094453 0.038 0.14992503748125938
2 0.775 0.4295352323838081 0.075 0.12143928035982009
2 0.691 0.4332833583208396 0.063 0.12443778110944528
2 0.563 0.4767616191904048 0.056 0.10344827586206896
2 0.09 0.6289355322338831 0.032 0.10494752623688156
2 0.05 0.6431784107946027 0.019 0.07646176911544228
2 0.564 0.4782608695652174 0.049 0.10044977511244378
