6 0.40125715146040347 0.18747741644083107 0.2456037338151159 0.37495483288166215
6 0.41036208973200844 0.4375621047877145 0.17476663655525443 0.20466350496838315
6 0.42505269497139414 0.6386404697380307 0.13171484492622706 0.2697267389340559
6 0.4480126467931346 0.8022752935862691 0.12085215296597415 0.09584462511291782
6 0.44280337247816925 0.8922820686540198 0.12529358626919604 0.13399954832881666
6 0.43949111713339356 0.9685467479674796 0.10418548629930739 0.05450542005420042
2 0.5323170731707316 0.07641147244805782 0.08757151460403495 0.12138663053297198
2 0.5356142728093948 0.20443766937669378 0.08840710629328527 0.10310523938572719
2 0.5152062631737429 0.40209462511291777 0.0740740740740741 0.0922764227642276
2 0.5141749473050287 0.4005815266485998 0.0709048479373683 0.08004742547425467
