6 0.08416666666666667 0.2713920817369093 0.16833333333333333 0.38569604086845466
6 0.33666666666666667 0.6685823754789272 0.6175 0.51213282247765
6 0.55375 0.429757343550447 0.4975 0.3537675606641124
6 0.6570833333333334 0.26372924648786716 0.44 0.33077905491698595
2 0.5870833333333333 0.10280970625798212 0.05 0.12899106002554278
2 0.7016666666666667 0.1277139208173691 0.0575 0.11621966794380588
2 0.59625 0.2554278416347382 0.07083333333333333 0.12005108556832694
2 0.48 0.23690932311621968 0.056666666666666664 0.14942528735632185
2 0.23833333333333334 0.44125159642401024 0.09416666666666666 0.2120051085568327
2 0.38333333333333336 0.4776500638569604 0.09833333333333333 0.18007662835249041
