2 0.4989491632960584 0.231389945078158 0.018954714886192395 0.03803689621180117
2 0.5575184392100879 0.2871496972257428 0.01752716313744158 0.07203210815378121
0 0.5005948132286462 0.3102872834811998 0.09160123721151557 0.19174764117729898
2 0.5710405266079784 0.29239543726235745 0.023158061701958846 0.08590339388818483
2 0.6006027440716949 0.320722433460076 0.0317233721944642 0.13802281368821298
2 0.6168411452137361 0.32758766370933673 0.03057339995241505 0.08288973384030422
2 0.5402093742564834 0.3575623151668779 0.030335474660956378 0.12270102802422189
2 0.6321873265128084 0.44600760456273764 0.06515187564438087 0.2553584002253203
2 0.23366246331985088 0.5793972679904239 0.09838210801808228 0.2095338684692298
0 0.3757435165358078 0.5749260667511618 0.3805615036878419 0.6774257146880721
2 0.091799508287731 0.7486551189973242 0.1270521056388294 0.3548232643289678
