2 0.3748570718369376 0.5470193300870592 0.023962217250807848 0.03908809207613997
2 0.40314441958737257 0.4328980374797108 0.04300273427790208 0.042083517780728906
0 0.42087994034302756 0.5364910727460529 0.11978622918220241 0.1934484285081894
2 0.40513298533432757 0.4080861738232256 0.05210042257022123 0.05450789434853181
2 0.4192890877454636 0.3500295115832964 0.08145662440964452 0.07795484727755643
2 0.4219115088242605 0.3192710638925778 0.05115585384041762 0.06839309428950871
2 0.44536415610241115 0.4580492843441051 0.07245836440467318 0.07349859819979349
2 0.4901193139448173 0.2800132802124834 0.15287099179716637 0.15737051792828685
2 0.5935247327864778 0.9506861443116422 0.11779766343524735 0.09862771137671549
0 0.5811956251553568 0.6744355909694555 0.42224707929405936 0.651128818061089
