2 0.5015625 0.2759259259259259 0.015625 0.03333333333333333
2 0.44895833333333335 0.34444444444444444 0.0125 0.06666666666666667
0 0.5052083333333334 0.35185185185185186 0.07708333333333334 0.16666666666666666
2 0.43645833333333334 0.3527777777777778 0.016666666666666666 0.07962962962962963
2 0.40989583333333335 0.38796296296296295 0.021875 0.12777777777777777
2 0.39479166666666665 0.39814814814814814 0.025 0.07407407407407407
2 0.4703125 0.4083333333333333 0.021875 0.11296296296296296
2 0.3880208333333333 0.5166666666666667 0.046875 0.23703703703703705
2 0.7802083333333333 0.5444444444444444 0.08333333333333333 0.1814814814814815
0 0.6432291666666666 0.575925925925926 0.3302083333333333 0.5740740740740741
2 0.9286458333333333 0.6722222222222223 0.10104166666666667 0.31851851851851853
