6 0.888125 0.3594339622641509 0.18125 0.17169811320754716
8 0.966875 0.5018867924528302 0.06625 0.2
8 0.47 0.5037735849056604 0.39 0.3471698113207547
8 0.624375 0.18396226415094338 0.04 0.05471698113207547
1 0.57125 0.19528301886792454 0.0425 0.035849056603773584
2 0.6575 0.20566037735849058 0.00875 0.033962264150943396
2 0.63875 0.20566037735849058 0.0075 0.03962264150943396
2 0.64875 0.20754716981132076 0.0075 0.04150943396226415
2 0.8325 0.39622641509433965 0.0175 0.11320754716981132
2 0.84625 0.4028301886792453 0.0175 0.13018867924528302
