6 0.1168998973784868 0.5099915504858471 0.20689429984140312 0.23671313899450794
8 0.05643250303199926 0.3427545416138572 0.09693068383244706 0.2216307562315167
8 0.5470659576453027 0.5263202365863963 0.4507696613490065 0.48795944233206606
8 0.35642317380352645 0.7810308407266582 0.05014460304132844 0.06814533164343048
1 0.4108079111857449 0.7895014786649768 0.048297415803712954 0.05099281791296995
2 0.32631308890754734 0.7467891846218843 0.015094691668998959 0.036586396282213926
2 0.34480361974064744 0.7540557667934094 0.015290605466927882 0.04228981833544565
2 0.3351618621140032 0.7480354879594424 0.015355910066237429 0.044190959019856514
2 0.17424666480082096 0.49482467258132656 0.03805392294057282 0.11901140684410651
2 0.16192275398824515 0.4839670468948035 0.04109525142270733 0.1343050274609211
