2 0.9655245908231793 0.779354938271605 0.06895081835364131 0.34380864197530875
2 0.14856637310491813 0.8933981481481481 0.1171512446213858 0.2132037037037037
2 0.09431978123617646 0.9079413580246913 0.09317971608959665 0.18411728395061724
2 0.7715144569107653 0.8355462962962963 0.12024771785900996 0.32890740740740737
2 0.5145313065508506 0.869030864197531 0.10834841356014006 0.2619382716049381
2 0.7008384606104475 0.8455108024691358 0.11580809908714355 0.3089783950617285
2 0.9260003217115051 0.8092376543209877 0.12112438171070104 0.3216604938271604
2 0.6170386455945631 0.8626512345679013 0.10082840712591003 0.2746975308641974
2 0.8525455422849559 0.8229444444444444 0.1239353359874532 0.3268765432098765
2 0.3491615393895524 0.8872901234567901 0.11444082519001084 0.2254197530864197
2 0.2777174568705513 0.8956666666666666 0.11509229098805646 0.20866666666666675
2 0.9851429605501266 0.7938055555555557 0.029714078899746785 0.29490740740740745
2 0.42729722121687375 0.8884475308641976 0.10800659508585668 0.22310493827160485
2 0.5521655205694294 0.8653055555555557 0.11994209192906265 0.2693888888888887
2 0.652479189287007 0.8762716049382717 0.10398520127076062 0.24745679012345667
2 0.5008565568826155 0.1684166666666667 0.029882977439980717 0.05979012345679015
2 0.6466481682551172 0.13924999999999998 0.03681586037720672 0.08197530864197532
2 0.5219889813809466 0.1680185185185185 0.02958137290384856 0.0722469135802469
2 0.08366710901998634 0.2766604938271605 0.04731169823460812 0.1202530864197531
6 0.5561306148711143 0.5055462962962963 0.8877387702577714 0.7244691358024693
2 0.9493022881730807 0.6263765432098766 0.09349740620098923 0.18217283950617266
2 0.14944705835042427 0.8547561728395061 0.11647565046044958 0.2904876543209878
2 0.25856556882615517 0.23899382716049383 0.052487232074637055 0.135641975308642
6 0.4664635862790043 0.2821666666666667 0.5693449149475208 0.4871358024691358
