2 0.6903769841269842 0.2594004065040651 0.2097222222222223 0.14651084010840104
2 0.7274636243386243 0.6295025971093045 0.1981150793650794 0.12988369467028002
2 0.7024636243386243 0.36120991418247517 0.2089616402116401 0.1403850496838302
2 0.6736111111111112 0.07254968383017164 0.1974206349206349 0.07966350496838302
2 0.7166501322751323 0.48290706865401994 0.19520502645502644 0.11983401084010836
2 0.684589947089947 0.14312330623306233 0.2144841269841268 0.15362466124661245
2 0.7580026455026454 0.8657971996386632 0.21104497354497334 0.1427845528455282
2 0.768204365079365 0.9482624774164409 0.2097222222222223 0.10347504516711824
2 0.7505125661375661 0.7558858401084011 0.19580026455026467 0.13355352303523033
2 0.7322585978835979 0.5746527777777778 0.21679894179894177 0.1499548328816621
2 0.7350529100529101 0.43377371273712734 0.19973544973544988 0.13301716350496853
2 0.2867063492063492 0.535230352303523 0.033796296296296234 0.03765808491418246
2 0.26749338624338626 0.32619128274616077 0.04699074074074075 0.04525180668473357
2 0.28616071428571427 0.5055470867208672 0.041666666666666664 0.036585365853658534
6 0.4894510582010582 0.5090193089430894 0.344973544973545 0.9819613821138211
2 0.33187830687830683 0.8864046973803072 0.07847222222222214 0.06377032520325226
6 0.35489417989417993 0.6014566395663957 0.24874338624338627 0.783593044263776
