2 0.856201171875 0.7796101949025487 0.04931640625 0.29685157421289354
2 0.090087890625 0.782608695652174 0.06591796875 0.3028485757121439
2 0.033447265625 0.7923538230884558 0.05810546875 0.2983508245877061
2 0.661376953125 0.800599700149925 0.06982421875 0.29985007496251875
2 0.424072265625 0.800599700149925 0.06005859375 0.2848575712143928
2 0.595947265625 0.8035982008995503 0.06591796875 0.29985007496251875
2 0.802978515625 0.8050974512743628 0.07177734375 0.28785607196401797
2 0.517822265625 0.8065967016491754 0.05419921875 0.2818590704647676
2 0.966552734375 0.808095952023988 0.06689453125 0.2938530734632684
2 0.735595703125 0.8095952023988006 0.07373046875 0.3058470764617691
2 0.272216796875 0.8110944527736131 0.06689453125 0.3028485757121439
2 0.206298828125 0.8118440779610195 0.06787109375 0.30134932533733133
2 0.890869140625 0.8133433283358321 0.05810546875 0.2773613193403298
2 0.342529296875 0.8163418290854573 0.06298828125 0.280359820089955
2 0.458740234375 0.8163418290854573 0.07080078125 0.3103448275862069
2 0.548095703125 0.8418290854572713 0.06201171875 0.2863568215892054
2 0.505859375 0.14767616191904048 0.0205078125 0.046476761619190406
2 0.639892578125 0.15029985007496252 0.02392578125 0.06521739130434782
2 0.52490234375 0.15142428785607195 0.0185546875 0.05847076461769116
2 0.119384765625 0.16229385307346328 0.02880859375 0.09820089955022489
6 0.515380859375 0.45577211394302847 0.76220703125 0.37181409295352325
2 0.847412109375 0.6371814092953523 0.06494140625 0.1409295352323838
2 0.100830078125 0.704647676161919 0.06591796875 0.2818590704647676
2 0.2802734375 0.16304347826086957 0.03173828125 0.11094452773613193
6 0.46046875 0.24113193403298352 0.4807763671875 0.2613718140929535
