6 0.953257666268419 0.3643039591315454 0.09170051772202309 0.08365261813537668
6 0.48381521306252484 0.20025542784163475 0.09926722421346068 0.09412515964240101
8 0.9902429311031461 0.3955300127713921 0.0175388291517324 0.08250319284802042
6 0.8725686977299881 0.3652618135376756 0.10675428116288331 0.08544061302681996
6 0.7145997610513739 0.3234993614303959 0.10999601752289925 0.08965517241379302
6 0.25152130625248903 0.1812899106002554 0.051963361210673076 0.0904214559386973
6 0.20530067702110713 0.17196679438058748 0.06169653524492236 0.10498084291187741
6 0.07280764635603346 0.2127713920817369 0.08762246117084826 0.13678160919540236
6 0.12619673436877737 0.30919540229885056 0.09953803265631223 0.15925925925925924
6 0.2805615292712067 0.44157088122605365 0.1071286340103545 0.17547892720306518
6 0.4086379928315412 0.5574074074074074 0.12981282357626434 0.20306513409961685
6 0.5357148546395858 0.6549169859514687 0.15033054559936276 0.22656449553001273
6 0.6381003584229391 0.7399106002554279 0.1504420549581839 0.25338441890166025
6 0.7447710075667066 0.8292464878671776 0.16450816407805666 0.276117496807152
6 0.869247311827957 0.8667305236270754 0.23464755077658297 0.26653895274584927
6 0.2827479091995221 0.17445721583652618 0.04444444444444436 0.0914431673052363
