6 0.11534653465346535 0.18045774647887325 0.09207920792079208 0.04401408450704225
6 0.556930693069307 0.19102112676056338 0.08811881188118811 0.05457746478873239
8 0.04504950495049505 0.1954225352112676 0.0900990099009901 0.06690140845070422
6 0.19306930693069307 0.21038732394366197 0.09504950495049505 0.04401408450704225
6 0.33910891089108913 0.22535211267605634 0.09801980198019802 0.045774647887323945
6 0.7678217821782178 0.2517605633802817 0.04257425742574258 0.06690140845070422
6 0.8103960396039604 0.25880281690140844 0.0504950495049505 0.07746478873239436
6 0.9267326732673268 0.3397887323943662 0.07326732673267326 0.09859154929577464
6 0.8712871287128713 0.4102112676056338 0.08316831683168317 0.11619718309859155
6 0.7217821782178218 0.4779929577464789 0.0891089108910891 0.12852112676056338
6 0.5975247524752475 0.5404929577464789 0.10792079207920792 0.14788732394366197
6 0.4757425742574257 0.5862676056338029 0.12574257425742574 0.1619718309859155
6 0.37673267326732673 0.6294014084507042 0.12376237623762376 0.18838028169014084
6 0.2737623762376238 0.6742957746478874 0.13564356435643565 0.20422535211267606
6 0.14504950495049504 0.7015845070422535 0.2188118811881188 0.24471830985915494
6 0.7400990099009901 0.23503521126760563 0.03564356435643564 0.07042253521126761
