5 0.5013157894736842 0.5473684210526316 0.9973684210526316 0.7763157894736842
2 0.7065789473684211 0.37763157894736843 0.02280701754385965 0.11447368421052631
2 0.8135964912280702 0.3236842105263158 0.016666666666666666 0.05789473684210526
2 0.8697368421052631 0.3203947368421053 0.014035087719298246 0.06447368421052632
2 0.7925438596491228 0.32302631578947366 0.012280701754385965 0.05789473684210526
2 0.7543859649122807 0.3243421052631579 0.014035087719298246 0.04078947368421053
2 0.7429824561403509 0.3243421052631579 0.013157894736842105 0.05394736842105263
2 0.731140350877193 0.3144736842105263 0.015789473684210527 0.05131578947368421
2 0.6833333333333333 0.3684210526315789 0.02280701754385965 0.10921052631578948
2 0.7666666666666667 0.38421052631578945 0.02894736842105263 0.060526315789473685
2 0.7337719298245614 0.3848684210526316 0.03333333333333333 0.09342105263157895
