5 0.44983041649708316 0.4927197802197802 0.6479582146248813 0.9854395604395604
2 0.5901539818206485 0.7299450549450549 0.08344865011531677 0.06043956043956044
2 0.6396893230226565 0.88264652014652 0.042802876136209596 0.03855311355311347
2 0.6380511463844797 0.8499084249084249 0.042667209333876015 0.0316849816849816
2 0.6323361823361824 0.7922161172161173 0.03076244742911411 0.030494505494505556
2 0.631315289648623 0.7744963369963369 0.03994708994708998 0.03278388278388295
2 0.6367453534120201 0.7540750915750917 0.038169854836521584 0.03534798534798537
2 0.5940917107583774 0.69253663003663 0.0797585130918464 0.05869963369963372
2 0.5924162257495591 0.8236263736263737 0.046845746845746855 0.05815018315018305
2 0.5883835300501967 0.7733058608058608 0.07089947089947089 0.07289377289377282
