5 0.5150742054110848 0.5014085894405044 0.5921920147097453 0.9971828211189914
2 0.3799218544785921 0.8110470843183609 0.07943919096401368 0.04209022852639883
2 0.3323187549251379 0.9694887706855791 0.040858944050433374 0.028368794326241033
2 0.33386524822695035 0.9375788022064618 0.04062910428158653 0.02171985815602857
2 0.3389676910953507 0.8797675334909377 0.029196217494089786 0.02425137903861303
2 0.34000853690570004 0.8624852245862884 0.038015497767270735 0.02302009456264778
2 0.33486669293406884 0.8444690701339638 0.03638035198318889 0.02698975571315998
2 0.37584384029419493 0.7750837273443656 0.07584712371946424 0.04072104018912535
2 0.3776595744680851 0.9021473601260835 0.0441620698712897 0.04701536643026012
2 0.3815996847911742 0.8523049645390072 0.06664696611505115 0.0565701339637508
