0 0.7898920775079715 0.15574626116631535 0.3506450821682609 0.3114925223326307
0 0.6140716212901643 0.18452022483187794 0.2267696835908755 0.3690404496637559
0 0.3752317880794702 0.36526397671384125 0.39294088790777537 0.7305279534276825
0 0.11926661761098849 0.4596607447555957 0.22432671081677705 0.47363244002810395
2 0.9389968113809173 0.05270500853156679 0.08461613931812588 0.10541001706313358
2 0.4490286975717439 0.23982736123657533 0.1313269560951681 0.40838100973602326
2 0.3177802305616875 0.3183127572016461 0.13207260240372823 0.43412626718859776
2 0.2142089771891096 0.3891046873431697 0.11387294579347565 0.39842416942687947
2 0.1930365464802551 0.6672638763424671 0.06808928133431442 0.1625715146040349
2 0.027696835908756438 0.5434507678410118 0.031925435369143974 0.2816621499548329
