0 0.1936450839328537 0.7212009803921569 0.26498800959232616 0.40808823529411764
0 0.3645083932853717 0.6819852941176471 0.16486810551558753 0.28308823529411764
0 0.598621103117506 0.6421568627450981 0.28477218225419665 0.49387254901960786
0 0.8432254196642686 0.7113970588235294 0.1804556354916067 0.3235294117647059
2 0.05485611510791367 0.6899509803921569 0.03657074340527578 0.2928921568627451
2 0.5176858513189448 0.7064950980392157 0.06894484412470024 0.3333333333333333
2 0.6414868105515588 0.7138480392156863 0.06534772182254196 0.3590686274509804
2 0.7404076738609112 0.7120098039215687 0.052158273381294966 0.33455882352941174
2 0.7973621103117506 0.48590686274509803 0.043764988009592325 0.1213235294117647
2 0.9496402877697842 0.6930147058823529 0.045563549160671464 0.25245098039215685
