6 0.47700364298724957 0.6346500721500722 0.2312204007285975 0.31192881192881194
6 0.6994171220400729 0.7182239057239057 0.12282331511839707 0.1856661856661856
6 0.82724043715847 0.7438071188071189 0.07604735883424413 0.14333814333814335
6 0.8795810564663025 0.7606120731120731 0.04969034608378874 0.09926647426647409
1 0.9458378870673952 0.5690536315536316 0.10832422586520948 0.2163900913900914
1 0.5571857923497268 0.3058561808561808 0.16471766848816027 0.3021885521885522
2 0.5472404371584699 0.7013888888888888 0.03100182149362484 0.0687229437229436
2 0.5218306010928961 0.699525012025012 0.025373406193078294 0.07317219817219826
2 0.4573952641165756 0.7272126022126022 0.03278688524590164 0.07533670033670031
2 0.8370582877959927 0.7801827801827802 0.015664845173041873 0.04166666666666679
2 0.8130601092896176 0.786525974025974 0.019836065573770344 0.045214045214045206
