6 0.451171875 0.3978328173374613 0.20078125 0.23529411764705882
6 0.655859375 0.28328173374613 0.10546875 0.14396284829721362
6 0.77578125 0.23839009287925697 0.0625 0.11764705882352941
6 0.82421875 0.21439628482972137 0.040625 0.08204334365325078
1 0.909375 0.3831269349845201 0.10234375 0.17492260061919504
1 0.553515625 0.695046439628483 0.13671875 0.24613003095975233
2 0.5125 0.3235294117647059 0.025 0.05727554179566564
2 0.48828125 0.32894736842105265 0.01875 0.06346749226006192
2 0.425 0.31346749226006193 0.02578125 0.06346749226006192
2 0.78203125 0.20278637770897834 0.01171875 0.03560371517027864
2 0.75859375 0.20046439628482973 0.015625 0.03869969040247678
