6 0.45143369175627246 0.4105549639095965 0.21713261648745527 0.26150751390368004
6 0.6656929510155316 0.29671044846763694 0.11502389486260449 0.15824162820967932
6 0.7905854241338113 0.2536327061886167 0.06900238948626045 0.12683706070287537
6 0.8409707287933096 0.23018577683114422 0.04532258064516114 0.08877055969707727
1 0.925373357228196 0.40636611051946514 0.11275388291517321 0.19000118329191812
1 0.5508452807646356 0.7196367293811383 0.1512903225806451 0.2672109809490003
2 0.5167025089605735 0.33517335226600403 0.02842891278375147 0.06226482073127438
2 0.4915113500597371 0.34009584664536735 0.02212066905615302 0.06667849958584786
2 0.42659498207885305 0.3226837060702875 0.029426523297490986 0.06870192876582654
2 0.7977329749103943 0.2172464797065436 0.013195937873357187 0.03745118920837773
2 0.7735872162485066 0.2142290853153473 0.01732377538829155 0.04088273577091471
