8 0.8393229166666667 0.3587962962962963 0.04375 0.03425925925925926
8 0.72109375 0.6439814814814815 0.06197916666666667 0.06111111111111111
8 0.6440104166666667 0.6546296296296297 0.059375 0.05740740740740741
8 0.5643229166666667 0.6685185185185185 0.0640625 0.06574074074074074
8 0.47291666666666665 0.687962962962963 0.06510416666666667 0.062037037037037036
8 0.2638020833333333 0.7245370370370371 0.08645833333333333 0.07592592592592592
8 0.13567708333333334 0.7453703703703703 0.09270833333333334 0.0787037037037037
0 0.896875 0.5694444444444444 0.03958333333333333 0.03796296296296296
0 0.8510416666666667 0.5768518518518518 0.035416666666666666 0.03611111111111111
0 0.6614583333333334 0.7296296296296296 0.050520833333333334 0.05462962962962963
0 0.9325520833333333 0.8412037037037037 0.08645833333333333 0.08148148148148149
0 0.83671875 0.8662037037037037 0.0859375 0.08333333333333333
0 0.7411458333333333 0.8935185185185185 0.09375 0.08888888888888889
