0 0.896 0.8200899550224887 0.143 0.11094452773613193
0 0.341 0.5149925037481259 0.087 0.08695652173913043
0 0.203 0.46476761619190404 0.085 0.07496251874062969
0 0.5285 0.7706146926536732 0.116 0.10794602698650675
0 0.363 0.424287856071964 0.07 0.06896551724137931
0 0.5375 0.8695652173913043 0.127 0.136431784107946
0 0.508 0.48950524737631185 0.08 0.08245877061469266
0 0.8645 0.732383808095952 0.118 0.0944527736131934
0 0.7225 0.7541229385307346 0.118 0.09895052473763119
0 0.1115 0.679160419790105 0.125 0.11244377811094453
0 0.279 0.8800599700149925 0.136 0.1409295352323838
0 0.1555 0.5877061469265368 0.15 0.15892053973013492
6 0.7045 0.6761619190404797 0.117 0.08845577211394302
