0 0.3151041666666667 0.7277777777777777 0.05 0.07777777777777778
8 0.2557291666666667 0.48518518518518516 0.03697916666666667 0.05555555555555555
6 0.3567708333333333 0.6069444444444444 0.05625 0.053703703703703705
6 0.4401041666666667 0.6175925925925926 0.04739583333333333 0.05277777777777778
6 0.14140625 0.5694444444444444 0.071875 0.05092592592592592
6 0.53125 0.6291666666666667 0.041666666666666664 0.06388888888888888
6 0.20885416666666667 0.5837962962962963 0.06666666666666667 0.05277777777777778
0 0.4401041666666667 0.7643518518518518 0.0453125 0.06944444444444445
0 0.5583333333333333 0.7819444444444444 0.041666666666666664 0.08703703703703704
6 0.71875 0.6606481481481481 0.036458333333333336 0.06759259259259259
6 0.83046875 0.6828703703703703 0.051041666666666666 0.07407407407407407
