8 0.5332246376811595 0.35482484418654636 0.033297101449275356 0.09991403395658717
0 0.2509842995169082 0.8526864388566515 0.06346618357487925 0.16683859875349222
8 0.4858816425120773 0.8525897270578122 0.0352657004830918 0.1270578121641951
8 0.4414613526570048 0.02603696539866753 0.043792270531400966 0.05207393079733506
8 0.4098067632850242 0.4864603481624758 0.04449275362318847 0.1264560498603051
0 0.41526570048309175 0.8365140769396088 0.024770531400966186 0.06961100365355671
0 0.4094082125603865 0.9335052654201591 0.026896135265700446 0.0658284977433913
8 0.4316304347826087 0.16580700623253816 0.045603864734299476 0.12843326885880074
0 0.38158816425120773 0.2732538147431765 0.037657004830917815 0.10105308403180738
0 0.2604106280193237 0.6496024070492156 0.063731884057971 0.1881151944981733
