8 0.14296875 0.625462962962963 0.0765625 0.0712962962962963
8 0.05130208333333333 0.6953703703703704 0.08645833333333333 0.062037037037037036
8 0.3611979166666667 0.6675925925925926 0.07083333333333333 0.07592592592592592
8 0.44609375 0.6620370370370371 0.06197916666666667 0.06666666666666667
8 0.5328125 0.6587962962962963 0.0640625 0.06666666666666667
0 0.7026041666666667 0.6013888888888889 0.03958333333333333 0.04537037037037037
0 0.7575520833333333 0.6027777777777777 0.0421875 0.041666666666666664
0 0.6614583333333334 0.8773148148148148 0.09375 0.09351851851851851
0 0.7705729166666667 0.8643518518518518 0.09270833333333334 0.08518518518518518
0 0.43255208333333334 0.7430555555555556 0.05260416666666667 0.05092592592592592
