0 0.31755224498241263 0.8309807819748178 0.0661700806952203 0.10520580222369497
8 0.2269066832195324 0.6071128782858405 0.048541278708876485 0.07516383182387174
6 0.34775915580384853 0.6855091672189088 0.06885578315745912 0.08238715853029958
6 0.43682391889095806 0.6570097930932921 0.05921373887854341 0.07729180472719233
6 0.11639768259879991 0.7486746189529491 0.08464307883302294 0.08756350784183793
6 0.5340761431822885 0.6254215448052426 0.05500517277053597 0.08617922097047333
6 0.1889282019449617 0.7318201899712834 0.07958617835712803 0.08650320300419695
0 0.4536064556176288 0.809314483469553 0.060264845851438036 0.09419777630513221
0 0.5803620939375129 0.7713754509977173 0.05908131595282429 0.11107429497091538
6 0.7353610593834058 0.569111258375672 0.05059383405752121 0.08810838671673644
6 0.8557397061866336 0.5392055076945732 0.06661286985309342 0.10123702231058095
