8 0.22369791666666666 0.7236111111111111 0.09010416666666667 0.07777777777777778
8 0.43385416666666665 0.6837962962962963 0.07135416666666666 0.05925925925925926
8 0.6083333333333333 0.6550925925925926 0.06197916666666667 0.05648148148148148
0 0.621875 0.7282407407407407 0.051041666666666666 0.05462962962962963
8 0.6875 0.6430555555555556 0.0625 0.058333333333333334
0 0.8231770833333333 0.5777777777777777 0.034895833333333334 0.03888888888888889
0 0.8708333333333333 0.5699074074074074 0.04010416666666667 0.03796296296296296
8 0.82578125 0.3592592592592593 0.0453125 0.03425925925925926
0 0.7911458333333333 0.8634259259259259 0.09375 0.08703703703703704
0 0.8893229166666666 0.8416666666666667 0.0921875 0.07777777777777778
