6 0.5149543378995434 0.6986301369863014 0.08714485032978178 0.12100456621004566
6 0.44172057331303904 0.627283105022831 0.06897513952308472 0.0867579908675799
6 0.4787798072044648 0.12100456621004566 0.11489091831557578 0.18378995433789955
6 0.6145452815829529 0.803082191780822 0.11997082699137493 0.1735159817351598
6 0.4330257483510908 0.2659817351598174 0.08548959918822942 0.1312785388127854
6 0.39862696600710296 0.3704337899543379 0.06818239472349066 0.09817351598173515
6 0.7523718924403855 0.8829908675799086 0.1514269406392695 0.13356164383561644
6 0.3738013698630137 0.4469178082191781 0.05348173515981738 0.07191780821917808
6 0.3511859462201928 0.5108447488584474 0.050019025875190255 0.06506849315068493
6 0.3945364028411974 0.567351598173516 0.05520674784373418 0.07420091324200913
