8 0.7986702127659574 0.7232758620689655 0.10372340425531915 0.07413793103448275
0 0.8920212765957447 0.41810344827586204 0.09680851063829787 0.07155172413793104
6 0.7941489361702128 0.6094827586206897 0.12446808510638298 0.07844827586206897
8 0.6396276595744681 0.7086206896551724 0.10851063829787234 0.08017241379310344
8 0.9742021276595745 0.7366379310344827 0.05106382978723404 0.06982758620689655
8 0.4550531914893617 0.7012931034482759 0.10478723404255319 0.07844827586206897
0 0.7252659574468086 0.4237068965517241 0.09680851063829787 0.06637931034482758
8 0.3074468085106383 0.690948275862069 0.10372340425531915 0.07586206896551724
6 0.4574468085106383 0.593103448275862 0.0973404255319149 0.07844827586206897
6 0.24867021276595744 0.6275862068965518 0.1175531914893617 0.07758620689655173
0 0.4877659574468085 0.4254310344827586 0.09468085106382979 0.06206896551724138
0 0.30186170212765956 0.42586206896551726 0.09361702127659574 0.06206896551724138
