8 0.14356921166977032 0.8353839923422428 0.09189323401613907 0.12087475149105359
8 0.08483550589695842 0.9475811795891319 0.05188081936685289 0.08885943597673217
8 0.3754500310366232 0.7467344083646271 0.08689013035381749 0.12233267064280975
8 0.4620049658597144 0.689831382077903 0.07610180012414647 0.10729695898681978
8 0.5508131595282433 0.6341837861718577 0.07779019242706398 0.10846771224504832
0 0.7157852265673494 0.4734592445328032 0.04887647423960282 0.07166629850526478
0 0.7727250155183117 0.4415764671231868 0.05107386716325276 0.06891981444665334
0 0.7201675977653631 0.7795633605772769 0.1135195530726256 0.15492231794418662
0 0.8305027932960893 0.7007436860319565 0.1111731843575419 0.14574037257933892
0 0.4617442582247051 0.7809329209925632 0.06355058969584104 0.08512627936087186
