8 0.17023512276321265 0.6758333333333334 0.05551394090719931 0.05259259259259261
8 0.9335726175613817 0.10672222222222222 0.09348730753225135 0.09803703703703703
8 0.6037973366625051 0.2363148148148148 0.07806908031627112 0.08503703703703701
8 0.27029754473574696 0.531425925925926 0.06806075738660008 0.06240740740740739
0 0.3103932584269663 0.5996851851851852 0.028214731585518075 0.034814814814814785
0 0.1879005409904286 0.4335 0.04486059092800672 0.052888888888888916
0 0.24440282979608824 0.41429629629629633 0.04090719933416561 0.05162962962962956
8 0.42155638784852273 0.2992592592592592 0.06951727007906791 0.07848148148148153
8 0.5102684144818976 0.26894444444444443 0.06951727007906791 0.07848148148148153
8 0.7106637536412818 0.1963148148148148 0.0805659592176446 0.09718518518518517
0 0.5195692883895131 0.18594444444444447 0.05986267166042453 0.07285185185185185
0 0.26007074490220555 0.11966666666666667 0.10807324178110693 0.12496296296296296
0 0.14684769038701626 0.16857407407407407 0.10112359550561797 0.11451851851851853
0 0.04354972950478569 0.20901851851851852 0.08709945900957138 0.10796296296296293
