6 0.5178427242408286 0.4139102017618642 0.16828155169387382 0.23669603106943254
6 0.868272775144813 0.3396703608979824 0.16912410040372106 0.24055129298096048
6 0.4270142180094787 0.3291607464241736 0.12797963840617863 0.17692526285876678
6 0.44147797086185714 0.8286492374727669 0.30061435843426365 0.3280761579994318
6 0.6211602597858522 0.22159704461494742 0.11979989468141115 0.15627545704272047
6 0.16856240126382308 0.5194420763474472 0.13759873617693522 0.18738277919863594
6 0.3836141829032824 0.26947996589940326 0.1390029840266806 0.17463294496542578
6 0.6622871686852729 0.5619304726721607 0.16492890995260678 0.28007956805910755
6 0.7157890117605757 0.2595955290328692 0.13542215200982965 0.20139244103438483
6 0.11713182376689486 0.41201572416406174 0.11830788134105669 0.16263142938334743
6 0.06504300509039845 0.3525433361750497 0.11274354923644023 0.1599412711944682
