0 0.8301655867530597 0.9541531823085222 0.16184305255579567 0.09169363538295552
0 0.31825053995680347 0.4675836030204962 0.1101511879049676 0.12484717727436176
0 0.18444924406047516 0.3634663790003596 0.10633549316054719 0.11179431859043512
0 0.4632829373650108 0.8054297015462064 0.14506839452843776 0.15832434376123694
0 0.3589272858171346 0.379809421071557 0.08855291576673865 0.0998921251348436
0 0.4530957523398128 0.9086209996404172 0.16270698344132464 0.1827580007191656
0 0.4973002159827214 0.5027148507731033 0.10223182145428361 0.11650485436893204
0 0.8207343412526998 0.8902553038475369 0.1455003599712023 0.14379719525350576
0 0.6685025197984161 0.8600683207479324 0.14571634269258465 0.1486515641855446
0 0.06241900647948164 0.5533980582524272 0.12483801295896328 0.1650485436893204
0 0.18164146868250539 0.8276519237684286 0.17386609071274298 0.1996763754045307
0 0.11083513318934485 0.47445163610212154 0.19222462203023757 0.22452355267889254
6 0.6648668106551476 0.771628910463862 0.14305255579553638 0.13725278676735
