0 0.654233340845917 0.26269278396937973 0.08852828487716914 0.06906450523471802
0 0.9425061978814514 0.5539513677811551 0.09969198407332282 0.0718225824608803
0 0.8102471639996995 0.417623550602274 0.09666441289159344 0.07452437239671286
0 0.10532266546465328 0.24814251941911517 0.09055668244309219 0.0692896543960374
0 0.1932837502817219 0.41604750647303834 0.09663436255728344 0.06844534504108976
0 0.43652618135376753 0.6817798041202296 0.10680640072120805 0.07565011820330977
0 0.5666403726241453 0.9000619160193628 0.44539854255878586 0.19987616796127428
0 0.242926902561791 0.5348418327141732 0.10174291938997818 0.07660700213891701
6 0.17602734580422205 0.7408251716762355 0.3520546916084441 0.30231903636158963
0 0.35552550522124554 0.7480580884836203 0.12198181954774245 0.06973995271867617
