0 0.34621749408983454 0.2118707554435343 0.06094168636721822 0.10651823846530839
8 0.34179078014184394 0.5429671637611146 0.04473207249802993 0.07459217251277747
6 0.6631954294720253 0.10943429251557796 0.0652915681639086 0.1183084786109361
6 0.5670527974783294 0.19949590422180216 0.0619976359338062 0.10568508016523141
6 0.4743006304176517 0.2811594202898551 0.06724586288416075 0.09773857032836238
6 0.39639873916469665 0.3560561506686271 0.07308116627265573 0.0964643282223623
6 0.32933806146572103 0.4222432262129805 0.06770685579196212 0.08928796471329556
6 0.2661643026004728 0.4757228873485962 0.07460598896769108 0.08812574389133931
6 0.21153664302600472 0.5325596863404047 0.07725768321513006 0.08746061751732827
0 0.46560086682427104 0.06780438283273822 0.062155240346729645 0.12458867184765104
0 0.4220685579196217 0.11448575229293566 0.06418045705279746 0.11252537982216622
