8 0.30757575757575756 0.6887254901960784 0.11212121212121212 0.09313725490196079
8 0.45151515151515154 0.6985294117647058 0.10606060606060606 0.09313725490196079
8 0.6454545454545455 0.7083333333333334 0.1 0.08333333333333333
8 0.803030303030303 0.7230392156862745 0.1 0.0784313725490196
8 0.8075757575757576 0.6102941176470589 0.10606060606060606 0.0784313725490196
8 0.8909090909090909 0.41911764705882354 0.10303030303030303 0.0784313725490196
8 0.7272727272727273 0.42892156862745096 0.10303030303030303 0.07352941176470588
8 0.48787878787878786 0.4215686274509804 0.10606060606060606 0.06862745098039216
8 0.3 0.4264705882352941 0.09393939393939393 0.07352941176470588
8 0.4590909090909091 0.5931372549019608 0.10303030303030303 0.09313725490196079
8 0.2545454545454545 0.6200980392156863 0.10606060606060606 0.09313725490196079
