6 0.5750904813608396 0.12530327428878152 0.20966340933767647 0.25060654857756304
6 0.7976293883460007 0.3330703166935051 0.18840028954035473 0.2169082125603865
6 0.9333514296055013 0.478287707997853 0.13023887079261676 0.1675254965110038
6 0.9262486427795874 0.2592538915727322 0.14750271444082508 0.2413633923778851
6 0.8070846905537459 0.49945786366076217 0.11415128483532404 0.14207192699946328
8 0.9130293159609119 0.6767203435319378 0.06887441187115437 0.08757917337627483
6 0.7128121606948968 0.0742109500805153 0.20960912052117273 0.1484219001610306
6 0.47070213536011585 0.20446591519055288 0.17741585233441903 0.20040794417606012
6 0.6629297864639884 0.37572732152442295 0.1378935939196525 0.18095544820182502
8 0.9858170466883823 0.663220611916264 0.028365906623235366 0.0830059044551798
0 0.8299402823018458 0.6636876006441224 0.05296778863554111 0.0693719806763285
0 0.7552298226565327 0.659645732689211 0.0478646398841839 0.060418679549114306
0 0.7031306550850525 0.663118625872249 0.045349258052841096 0.05739130434782612
0 0.6569942091929063 0.6604723564143854 0.04361201592471959 0.05295759527643582
0 0.6174629026420557 0.6611057434245841 0.0426891060441549 0.048566827697262574
0 0.5771353601158161 0.6625067096081589 0.04191096634093379 0.049973161567364525
