8 0.1394993894993895 0.28219401041666664 0.09631257631257631 0.09251302083333335
8 0.8095014245014244 0.6712782118055556 0.052547822547822455 0.04611545138888884
0 0.7880626780626782 0.43994140625 0.038827838827838995 0.04698350694444442
8 0.46395604395604395 0.34007161458333335 0.07476190476190472 0.076171875
8 0.5536935286935286 0.35888671875 0.06652014652014648 0.07552083333333337
8 0.6377757427757428 0.36357421875 0.06366707366707368 0.06260850694444442
0 0.5615160765160765 0.2779079861111111 0.05545787545787549 0.06586371527777779
8 0.2616829466829467 0.3001519097222223 0.09512413512413512 0.08168402777777772
0 0.8380260480260481 0.4482855902777778 0.042124542124542294 0.04724392361111107
0 0.6209523809523809 0.10621744791666668 0.10137973137973129 0.10755208333333333
0 0.7314835164835165 0.1369357638888889 0.10030525030525037 0.11039496527777776
0 0.8335429385429387 0.16161024305555555 0.09585266585266573 0.10321180555555554
0 0.9319495319495319 0.19576822916666667 0.09144892144892146 0.10188802083333331
