8 0.7660944542426024 0.19548022598870057 0.09856554967666073 0.09983260096254443
8 0.5586380560454635 0.283814605566018 0.07780129335684881 0.07643858547813352
8 0.3858455810307662 0.352866708516426 0.06814030962179107 0.07135383971542168
0 0.3657711150303743 0.282015065913371 0.05691945914168137 0.06714793889935135
8 0.3072623946698021 0.3828415986608077 0.06872427983539096 0.0732580037664783
0 0.17686850872036056 0.4799121155053358 0.03891044483637075 0.047625026156099606
0 0.12974328826180678 0.4987445072190836 0.044201450127376044 0.04783427495291919
8 0.19364687438761513 0.7012554927809165 0.04888105036253189 0.04519774011299435
0 0.18362531844013327 0.18457836367440889 0.10307270233196163 0.10941619585687387
0 0.08692141877327063 0.22893910860012553 0.1006819517930629 0.0999163004812722
