6 0.3059895833333333 0.7953703703703704 0.1453125 0.20555555555555555
6 0.6856770833333333 0.7671296296296296 0.14010416666666667 0.21851851851851853
6 0.49947916666666664 0.7773148148148148 0.10364583333333334 0.2212962962962963
6 0.11796875 0.8050925925925926 0.20364583333333333 0.2101851851851852
6 0.1265625 0.6282407407407408 0.13229166666666667 0.12407407407407407
6 0.6208333333333333 0.5893518518518519 0.10416666666666667 0.12222222222222222
6 0.24895833333333334 0.6138888888888889 0.11458333333333333 0.13240740740740742
6 0.73125 0.5773148148148148 0.10520833333333333 0.12037037037037036
6 0.8627604166666667 0.7643518518518518 0.19166666666666668 0.20092592592592592
6 0.37083333333333335 0.6064814814814815 0.09114583333333333 0.13055555555555556
6 0.14765625 0.4930555555555556 0.11614583333333334 0.11018518518518519
