8 0.7880208333333333 0.375 0.0484375 0.03518518518518519
8 0.058333333333333334 0.7013888888888888 0.09010416666666667 0.06851851851851852
8 0.37083333333333335 0.6675925925925926 0.0671875 0.06018518518518518
8 0.68984375 0.48194444444444445 0.059375 0.040740740740740744
0 0.65625 0.4083333333333333 0.023958333333333335 0.025925925925925925
0 0.7611979166666667 0.5944444444444444 0.03854166666666667 0.03796296296296296
0 0.70859375 0.5972222222222222 0.034895833333333334 0.03796296296296296
8 0.5408854166666667 0.6574074074074074 0.059895833333333336 0.05555555555555555
8 0.45807291666666666 0.6620370370370371 0.059895833333333336 0.05555555555555555
8 0.27109375 0.6768518518518518 0.06875 0.07037037037037037
0 0.44609375 0.7361111111111112 0.051041666666666666 0.05277777777777778
0 0.6809895833333334 0.8652777777777778 0.0921875 0.08981481481481482
0 0.7869791666666667 0.85 0.08697916666666666 0.08148148148148149
0 0.8919270833333334 0.8412037037037037 0.090625 0.075
