8 0.7973404255319149 0.7224137931034482 0.10425531914893617 0.07413793103448275
8 0.6393617021276595 0.7077586206896552 0.10851063829787234 0.08103448275862069
6 0.7941489361702128 0.6086206896551725 0.12446808510638298 0.07931034482758621
0 0.8914893617021277 0.41810344827586204 0.09680851063829787 0.0706896551724138
8 0.973404255319149 0.7353448275862069 0.052127659574468084 0.0706896551724138
8 0.45478723404255317 0.7008620689655173 0.10531914893617021 0.07758620689655173
0 0.7244680851063829 0.4232758620689655 0.09574468085106383 0.06551724137931035
0 0.25053191489361704 0.6258620689655172 0.11382978723404255 0.08275862068965517
8 0.30638297872340425 0.6905172413793104 0.10425531914893617 0.07586206896551724
0 0.30159574468085104 0.4241379310344828 0.09361702127659574 0.06551724137931035
0 0.48723404255319147 0.4241379310344828 0.09468085106382979 0.06379310344827586
0 0.45585106382978724 0.5887931034482758 0.10106382978723404 0.08448275862068966
