8 0.6869220151828848 0.7681257014590349 0.1278122843340235 0.13280957725402173
8 0.5399930986887509 0.7310138421249532 0.12146307798481704 0.12768424990647212
8 0.3429606625258799 0.6781518892630003 0.11497584541062808 0.11750841750841744
8 0.18205659075224292 0.6408716797605687 0.1117322291235335 0.11242050130939009
8 0.18664596273291925 0.5248035914702581 0.11794340924775706 0.11249532360643467
8 0.12008281573498966 0.30437710437710436 0.11483781918564531 0.11245791245791252
8 0.28633540372670807 0.36696595585484476 0.11469979296066254 0.10740740740740748
8 0.5289510006901311 0.44057239057239056 0.11766735679779165 0.10239431350542456
8 0.7201173222912353 0.5059857837635615 0.10538302277432714 0.10729517396184075
8 0.5432367149758454 0.6225028058361392 0.11835748792270523 0.12764683875794983
8 0.7476535541752933 0.7183688739244294 0.12146307798481704 0.12768424990647212
