6 0.304459785229016 0.4193713450292398 0.11141244795090953 0.3144541910331384
6 0.3267176199868507 0.8179093567251462 0.09314047775586233 0.2839668615984405
6 0.24864398422090728 0.933391812865497 0.0932774490466798 0.09196881091617953
6 0.4026271093578786 0.8788109161793372 0.06254109138724531 0.17046783625731007
6 0.21609960552268243 0.6130506822612085 0.08815472277010741 0.34176413255360627
6 0.3793693841770765 0.2821247563352826 0.08588099934253779 0.26940545808966865
6 0.3939979180363796 0.6239522417153996 0.08018299364453209 0.20357699805068227
0 0.4725098619329388 0.9600389863547757 0.03065417488494404 0.07930799220272919
0 0.4969592373438527 0.8438499025341131 0.02657243041858439 0.07004873294346974
0 0.5164913434144204 0.7657748538011695 0.024983563445101945 0.06739766081871339
0 0.5313116370808679 0.6942202729044835 0.022709840017532318 0.06605263157894743
0 0.5452964058733288 0.633845029239766 0.021175761560376895 0.06471734892787528
0 0.5600482138943678 0.5728216374269006 0.021860618014464244 0.06341130604288489
