8 0.32322029822029824 0.7061403508771931 0.12438672438672436 0.11941520467836246
8 0.47741702741702735 0.6923976608187133 0.11789321789321795 0.11894736842105275
8 0.6867604617604617 0.6694152046783626 0.1113035113035113 0.10795321637426905
8 0.8556156806156807 0.6598830409356724 0.1112554112554112 0.1026900584795322
8 0.8545093795093794 0.5388304093567251 0.1177489177489177 0.10315789473684207
8 0.9353535353535354 0.3197076023391813 0.11450216450216445 0.10292397660818714
8 0.7602693602693603 0.35865497076023395 0.11445406445406436 0.09766081871345023
8 0.5055194805194805 0.3901754385964912 0.11765271765271752 0.09263157894736854
8 0.3044131794131794 0.4257309941520468 0.10471380471380462 0.09695906432748536
8 0.48125300625300627 0.5788888888888889 0.11464646464646472 0.11871345029239759
8 0.26415343915343914 0.6419298245614036 0.11789321789321787 0.11894736842105275
