6 0.3772472650586529 0.5064089029647225 0.09611177013312247 0.12154482273247125
6 0.43302688809806245 0.4119600598222926 0.06943455911427444 0.09719363068531713
6 0.8278601555291947 0.5145025072578516 0.14642810069856343 0.16056127386293648
6 0.29564715961513116 0.6328274830650128 0.13785422433109262 0.1682589953373801
6 0.7148181099248715 0.4367951086478402 0.1039804929484645 0.1185361133104602
6 0.9540892315803348 0.6414093428345209 0.09182153683933059 0.20716108032022534
6 0.6331389218399894 0.3784331837776018 0.07823909318571236 0.09543415149115868
6 0.18996309476736525 0.8245007477786575 0.19302095689996043 0.24077593032462394
6 0.5738335310399367 0.33642561801706694 0.05703835508105989 0.07501539544294891
6 0.5240312376433374 0.2992214304565849 0.051515750626070944 0.06989531098794756
6 0.4795373665480427 0.3529955133280549 0.058909977593251665 0.07751385589865398
