8 0.24789513968618448 0.9068384026484585 0.056525066972828185 0.06432857438444037
6 0.3232300038270187 0.9148148148148147 0.06394948335246847 0.09155803848541272
8 0.291044776119403 0.7007448789571695 0.08296976655185609 0.20566935650734536
8 0.3467853042479908 0.3835609352369129 0.08097971680061229 0.19908959238568186
0 0.4509567546880979 0.896265259673081 0.07022579410639121 0.1745292778812331
8 0.39414466130884035 0.13082971239395821 0.07914274779946429 0.19623422304986554
6 0.41572904707233066 0.4075729360645562 0.07872177573670104 0.18599213738878537
6 0.4489475698430922 0.07536726670804883 0.07914274779946429 0.15073453341609766
0 0.5154994259471871 0.4904407200496586 0.06747034060466894 0.1772191185599006
0 0.5668197474167624 0.16923236085247256 0.06685801760428628 0.17626732878129528
