0 0.7231770833333333 0.5069444444444444 0.03802083333333333 0.03611111111111111
8 0.5747395833333333 0.4671296296296296 0.05364583333333333 0.049074074074074076
0 0.3145833333333333 0.6837962962962963 0.0546875 0.053703703703703705
8 0.40390625 0.6555555555555556 0.06770833333333333 0.075
8 0.3536458333333333 0.7407407407407407 0.084375 0.07962962962962963
8 0.55390625 0.6902777777777778 0.0703125 0.06574074074074074
8 0.6372395833333333 0.6657407407407407 0.07291666666666667 0.06388888888888888
8 0.7166666666666667 0.6486111111111111 0.06822916666666666 0.0712962962962963
8 0.7880208333333333 0.637962962962963 0.06041666666666667 0.05740740740740741
0 0.7486979166666666 0.7240740740740741 0.05364583333333333 0.06018518518518518
8 0.8552083333333333 0.3453703703703704 0.049479166666666664 0.03981481481481482
0 0.90390625 0.5611111111111111 0.0359375 0.037037037037037035
0 0.9466145833333334 0.5546296296296296 0.043229166666666666 0.03611111111111111
0 0.8557291666666667 0.8773148148148148 0.09375 0.10925925925925926
0 0.9484375 0.8449074074074074 0.0859375 0.09259259259259259
