8 0.1453125 0.7194444444444444 0.0890625 0.06666666666666667
8 0.80234375 0.36527777777777776 0.0453125 0.037037037037037035
8 0.7276041666666667 0.4726851851851852 0.0578125 0.04259259259259259
0 0.81796875 0.5787037037037037 0.0390625 0.03611111111111111
0 0.7684895833333333 0.5842592592592593 0.035416666666666666 0.037037037037037035
0 0.796875 0.8513888888888889 0.09010416666666667 0.08333333333333333
0 0.8908854166666667 0.825462962962963 0.084375 0.08518518518518518
8 0.45677083333333335 0.6694444444444444 0.06197916666666667 0.06296296296296296
8 0.5403645833333334 0.6578703703703703 0.06197916666666667 0.05740740740740741
8 0.62265625 0.6504629629629629 0.059895833333333336 0.05740740740740741
0 0.54375 0.7328703703703704 0.0515625 0.05555555555555555
