0 0.6651041666666667 0.4203703703703704 0.0234375 0.028703703703703703
0 0.6911458333333333 0.6152777777777778 0.0359375 0.037037037037037035
0 0.7473958333333334 0.6171296296296296 0.0390625 0.03888888888888889
0 0.4005208333333333 0.7425925925925926 0.050520833333333334 0.05092592592592592
8 0.13880208333333333 0.6763888888888889 0.08854166666666667 0.06481481481481481
8 0.23515625 0.6726851851851852 0.06927083333333334 0.06481481481481481
8 0.30833333333333335 0.6166666666666667 0.0671875 0.049074074074074076
8 0.33541666666666664 0.6703703703703704 0.0625 0.05555555555555555
8 0.4236979166666667 0.6680555555555555 0.06197916666666667 0.05555555555555555
8 0.509375 0.6666666666666666 0.06041666666666667 0.05555555555555555
8 0.8083333333333333 0.38935185185185184 0.0515625 0.032407407407407406
0 0.6190104166666667 0.8986111111111111 0.0953125 0.08055555555555556
0 0.734375 0.8916666666666667 0.09479166666666666 0.08055555555555556
0 0.8481770833333333 0.8893518518518518 0.0953125 0.0787037037037037
0 0.9520833333333333 0.8800925925925925 0.09479166666666666 0.0787037037037037
