0 0.5222727272727272 0.7664285714285715 0.2 0.18571428571428572
0 0.86 0.49642857142857144 0.09363636363636364 0.08285714285714285
0 0.1509090909090909 0.5685714285714286 0.18545454545454546 0.14857142857142858
0 0.08545454545454545 0.7664285714285715 0.17 0.15285714285714286
0 0.8713636363636363 0.6135714285714285 0.09636363636363636 0.08428571428571428
0 0.16954545454545455 0.4685714285714286 0.18454545454545454 0.12
0 0.5213636363636364 0.58 0.1809090909090909 0.15142857142857144
0 0.5195454545454545 0.47 0.1709090909090909 0.1442857142857143
0 0.5259090909090909 0.3535714285714286 0.16363636363636364 0.12142857142857143
0 0.17545454545454545 0.3535714285714286 0.17272727272727273 0.11
