6 0.53046875 0.4360759493670886 0.14921875 0.20253164556962025
6 0.878515625 0.439873417721519 0.15 0.20632911392405062
6 0.446484375 0.3329113924050633 0.1140625 0.15063291139240506
6 0.429296875 0.8468354430379746 0.271875 0.3037974683544304
6 0.643359375 0.2689873417721519 0.10703125 0.13164556962025317
6 0.181640625 0.46392405063291137 0.12265625 0.15949367088607594
6 0.407421875 0.2645569620253165 0.125 0.14556962025316456
6 0.662890625 0.6139240506329114 0.1421875 0.2468354430379747
6 0.73359375 0.32721518987341774 0.11875 0.17468354430379746
6 0.1375 0.3468354430379747 0.10546875 0.1379746835443038
6 0.090234375 0.27658227848101263 0.1 0.13670886075949368
