8 0.40524625689519306 0.5104109780858364 0.05232072498029954 0.048911293145697705
0 0.7092533490937747 0.9620650423580479 0.09932230102442886 0.07586991528390409
8 0.68196414499606 0.5641671917664356 0.06719858156028377 0.04953441153819224
8 0.8093400315208826 0.4667996919414689 0.05486997635933807 0.042575089266960756
8 0.20939125295508274 0.688150248547224 0.07181639085894406 0.07172162710915064
8 0.4878486997635934 0.7174718196457327 0.06535460992907807 0.06632360148428204
0 0.6793676122931442 0.6879297066442623 0.03618991331757309 0.03683399845970732
0 0.7365642237982662 0.6930056710775048 0.04052403467297086 0.04200798151648804
8 0.3104708431836092 0.69784709094728 0.06644996059889687 0.06832598193656785
8 0.1026241134751773 0.6200973184905132 0.07230102442868404 0.06894209899880972
0 0.37359535066981875 0.7788209759854372 0.05191489361702123 0.056416719176643544
8 0.11114263199369583 0.6844325421830147 0.09037037037037039 0.06990128124343643
0 0.826306146572104 0.9669467198767766 0.10306146572104015 0.06610656024644677
0 0.5902442868400315 0.9603374641181823 0.09767927501970046 0.07932507176363525
