0 0.37864583333333335 0.8097222222222222 0.049479166666666664 0.07962962962962963
8 0.32786458333333335 0.4986111111111111 0.03697916666666667 0.05462962962962963
6 0.6895833333333333 0.7416666666666667 0.05260416666666667 0.08888888888888889
6 0.5869791666666667 0.7064814814814815 0.051041666666666666 0.07777777777777778
6 0.48880208333333336 0.6773148148148148 0.0578125 0.06574074074074074
6 0.40546875 0.6472222222222223 0.06458333333333334 0.06111111111111111
6 0.3333333333333333 0.6194444444444445 0.059895833333333336 0.05648148148148148
6 0.26666666666666666 0.6018518518518519 0.06770833333333333 0.05092592592592592
6 0.20755208333333333 0.5763888888888888 0.0703125 0.049074074074074076
0 0.5106770833333333 0.8837962962962963 0.04791666666666667 0.09814814814814815
0 0.4635416666666667 0.8625 0.052083333333333336 0.08333333333333333
