0 0.35638888888888887 0.16965973534971646 0.056997635933806155 0.09829867674858223
8 0.3225177304964539 0.49974795211090106 0.04228132387706864 0.06824196597353502
6 0.6763356973995273 0.13175803402646502 0.060851063829787284 0.10913673597983614
6 0.5740070921985815 0.20239445494643982 0.05856973995271878 0.0965973534971645
6 0.47602836879432625 0.2649653434152489 0.06429078014184404 0.08689350976685575
6 0.3929669030732861 0.32388153749212345 0.07063829787234052 0.08481411468178955
6 0.3211406619385343 0.37627599243856336 0.06578014184397155 0.07857592942659115
6 0.2545094562647754 0.4167296786389414 0.07316784869976364 0.07473219911783233
6 0.19578014184397163 0.46238185255198494 0.0752836879432624 0.07403906742281026
0 0.48641843971631205 0.05403276622558287 0.0566903073286052 0.10806553245116574
0 0.4397399527186761 0.08758664146187777 0.05971631205673758 0.10333963453056082
