8 0.18307291666666667 0.7185185185185186 0.0890625 0.075
8 0.8143229166666667 0.36064814814814816 0.04895833333333333 0.037037037037037035
0 0.7963541666666667 0.5796296296296296 0.0359375 0.03981481481481482
8 0.4901041666666667 0.6689814814814815 0.06927083333333334 0.062037037037037036
8 0.575 0.6527777777777778 0.06145833333333333 0.06296296296296296
8 0.6546875 0.649537037037037 0.058854166666666666 0.05092592592592592
0 0.5833333333333334 0.7296296296296296 0.051041666666666666 0.05555555555555555
8 0.2986979166666667 0.7037037037037037 0.08854166666666667 0.06481481481481481
0 0.84375 0.5722222222222222 0.0390625 0.03888888888888889
0 0.64140625 0.8930555555555556 0.09375 0.08888888888888889
0 0.74609375 0.8657407407407407 0.09270833333333334 0.09166666666666666
0 0.8424479166666666 0.8439814814814814 0.08854166666666667 0.08518518518518518
0 0.9354166666666667 0.8134259259259259 0.084375 0.08425925925925926
