0 0.49916038017303843 0.8750379477838495 0.023441162681669087 0.0518366727383121
0 0.3745492903720752 0.8768746205221615 0.031142650129991893 0.0786733454766241
0 0.36264331074457656 0.9590581360048575 0.026748497634573546 0.03450971463266554
0 0.36880194348548784 0.2879667577413479 0.043481225759706706 0.10972981177899208
8 0.4471444401824149 0.03690421979356406 0.048173720325619 0.05146478445658773
8 0.4678472488599071 0.1424939283545841 0.046622341559050436 0.1415680024286582
8 0.42868132804841663 0.18091605950212508 0.049439543110429154 0.13447176684881598
8 0.40827473042662915 0.3510094110503947 0.04885564505817666 0.13343199757134191
8 0.38820270212675284 0.5154751062537948 0.048830072880705865 0.13035822707953862
0 0.2206069130119763 0.6688752276867032 0.07245024080467122 0.20371129326047344
0 0.20124025060733924 0.8523186095931997 0.06257938030089931 0.12355039465695217
