0 0.30121894045944675 0.9029418659165493 0.097523050476637 0.08499765588373184
0 0.01940732927019847 0.6620663384903891 0.03881465854039694 0.07306610407876235
0 0.12991483044225663 0.7771038443506798 0.10608688857634005 0.09198312236286918
0 0.8664713236443194 0.7939814814814815 0.09966401000156279 0.08674402250351632
0 0.7644045944678857 0.6394573370839194 0.10596186904203783 0.08565400843881855
0 0.49567901234567907 0.4180907172995781 0.11666666666666657 0.0943858415377402
0 0.3439521800281294 0.18363806844819502 0.48509142053445853 0.3505391467416784
0 0.7053484919518676 0.5271038443506799 0.11142365994686662 0.09555789967182368
6 0.7717143303641193 0.2961439287388654 0.41501015783716216 0.3751054852320675
0 0.5745272698859196 0.33072550398499767 0.13239568682606664 0.09086966713548993
