0 0.6728159293552812 0.7446159122085048 0.02949674211248284 0.04245541838134429
0 0.7142682613168724 0.5444787379972565 0.044324417009602206 0.056515775034293614
0 0.7766396604938272 0.5672496570644717 0.04846536351165982 0.060082304526749064
0 0.4011381172839506 0.2782235939643347 0.062255658436213994 0.07812071330589844
8 0.10722093621399177 0.23569958847736625 0.10646862139917694 0.11104252400548698
8 0.2135202331961591 0.28161865569272976 0.08487654320987659 0.10233196159122088
8 0.2909229252400549 0.37486282578875174 0.08089420438957473 0.08443072702331955
8 0.32444915980795613 0.3280864197530864 0.07641460905349796 0.08902606310013714
8 0.421962877229081 0.3693758573388203 0.07583590534979413 0.08895747599451306
8 0.5165380658436214 0.4087791495198903 0.07406978737997262 0.08772290809327844
8 0.8290316358024691 0.8410493827160493 0.06110682441700961 0.05850480109739382
0 0.6530414094650205 0.20504115226337447 0.11571930727023325 0.13161865569272976
0 0.7804591049382715 0.26320301783264743 0.11511059670781915 0.1305212620027435
0 0.9062650034293553 0.3155349794238684 0.11565929355281221 0.12956104252400555
0 0.9814086076817559 0.3618655692729767 0.037182784636488324 0.1100137174211249
