8 0.8495232013622819 0.7121890547263682 0.1200595998297148 0.1224295190713102
8 0.6801532567049808 0.7372719734660034 0.12584929757343544 0.13217247097844112
6 0.8311579395487442 0.5905679933665009 0.14309919114516823 0.13528192371475967
0 0.9088250319284801 0.362106135986733 0.11198808003405718 0.11625207296849091
8 0.48384844614729666 0.7771973466003317 0.1223754789272031 0.1263266998341625
0 0.7326649638143892 0.41001243781094526 0.11080459770114953 0.10870646766169151
0 0.2573605789697744 0.7496683250414593 0.13161345253299275 0.1363184079601989
8 0.3254065559812686 0.8049336650082919 0.12121753937845882 0.12437810945273646
0 0.2850404427415921 0.5203980099502488 0.10850574712643675 0.10854063018242129
0 0.4818859088974032 0.4730514096185738 0.10849723286504892 0.10667495854063024
0 0.4700851426138783 0.6568407960199005 0.11895274584929749 0.1316749585406302
