8 0.15825432941473896 0.7905795471584945 0.05084060169384399 0.05495576548208128
8 0.2535119875279147 0.45029239766081874 0.07374120423039653 0.09188034188034193
8 0.3349829351535837 0.41822237216974056 0.07030716723549484 0.08659469185784974
8 0.4192790629081869 0.38178512520617786 0.07603758479753928 0.09709101814364966
8 0.5151961403952303 0.3365009746588694 0.07716260059832304 0.09412955465587045
8 0.7357266253739518 0.24074074074074073 0.10171491172628827 0.11800869695606539
8 0.8711203809042263 0.1843979607137502 0.10856191800446655 0.12351926825611033
0 0.07291956347701511 0.5775228669965512 0.04687144482366324 0.05772979457189975
0 0.1214574642902288 0.5574486429749589 0.04230396494332783 0.05338131653921141
0 0.307936206969199 0.34156170340380865 0.0606118063455948 0.07988454041085614
0 0.028226520035393755 0.291760383865647 0.054506383516622424 0.11590943169890534
0 0.10449795643197235 0.2401222072274704 0.10174440652256353 0.12509371719898038
0 0.20407028188598156 0.18496026390763234 0.11088357982555938 0.13480281901334537
