0 0.526045751633987 0.8408207590306356 0.2318663761801016 0.2610882487425698
0 0.8757625272331155 0.5312928669410151 0.10785766158315178 0.11728395061728394
0 0.11655047204066812 0.6461476909007773 0.2134350036310821 0.21736396890717877
0 0.07693718228031952 0.8625971650663008 0.15387436456063905 0.20598994055784187
0 0.8940268700072621 0.6571502057613169 0.11183732752360209 0.120827617741198
0 0.13137254901960785 0.5372942386831275 0.20991285403050106 0.18615683584819376
0 0.5155918663761802 0.6393175582990399 0.208562091503268 0.21833561957018754
0 0.5080101670297749 0.5201188843164152 0.19760348583877982 0.20781893004115237
0 0.5089070442992012 0.3941758116140832 0.18730573710965862 0.18044124371284873
0 0.13176470588235295 0.41206561499771377 0.19592592592592592 0.17066758116140834
