8 0.8403999485596708 0.4830323121475385 0.05713305898491104 0.052446273433927736
8 0.030002572016460907 0.6441129401005944 0.060005144032921814 0.09686785550983083
8 0.35427812071330583 0.6910531931108063 0.08015260631001368 0.08533760097546113
8 0.7224387002743484 0.5738073464410913 0.06956018518518509 0.06179698216735247
0 0.6923675411522633 0.48331809175430573 0.02887517146776388 0.035482395976223186
0 0.7907943244170097 0.717360158512422 0.04617198216735277 0.052461515012955456
0 0.732551011659808 0.7057994208199969 0.04212105624142658 0.05208809632677938
8 0.5423353909465021 0.7264479500076209 0.0718449931412895 0.07841792409693639
8 0.45091949588477365 0.7087334247828075 0.0718449931412895 0.07841792409693639
8 0.24369641632373115 0.6736358786770309 0.08284465020576132 0.09686785550983083
0 0.430900634430727 0.7868655692729766 0.06183556241426605 0.07236701722298435
0 0.677672753772291 0.965635954884926 0.11090106310013707 0.06872809023014798
0 0.7956768689986283 0.9745675201950922 0.10419238683127587 0.050864959609815526
0 0.9053905178326475 0.9855204999237921 0.09408007544581612 0.028959000152415912
