6 0.04978038067349927 0.7252604166666666 0.09882869692532943 0.12369791666666667
6 0.5267203513909224 0.818359375 0.16764275256222547 0.14713541666666666
6 0.3092972181551977 0.7161458333333334 0.15226939970717424 0.11979166666666667
6 0.17496339677891654 0.638671875 0.10248901903367497 0.10026041666666667
6 0.1903367496339678 0.8346354166666666 0.1390922401171303 0.15104166666666666
6 0.2829428989751098 0.5735677083333334 0.09077598828696926 0.08333333333333333
8 0.17093704245973645 0.4576822916666667 0.05417276720351391 0.052083333333333336
6 0.41178623718887264 0.9459635416666666 0.18521229868228403 0.10807291666666667
6 0.6090775988286969 0.708984375 0.14421669106881405 0.109375
6 0.4224011713030747 0.6295572916666666 0.10761346998535871 0.11067708333333333
8 0.08382137628111273 0.4973958333333333 0.06588579795021962 0.06510416666666667
0 0.24487554904831627 0.4381510416666667 0.04172767203513909 0.041666666666666664
0 0.31076134699853586 0.4140625 0.03733528550512445 0.036458333333333336
0 0.3557833089311859 0.3919270833333333 0.03587115666178624 0.033854166666666664
0 0.3964128843338214 0.3776041666666667 0.03513909224011713 0.029947916666666668
0 0.431185944363104 0.3626302083333333 0.034407027818448024 0.02734375
0 0.4659590043923865 0.3463541666666667 0.03367496339677892 0.028645833333333332
