8 0.41692708333333334 0.47685185185185186 0.050520833333333334 0.04259259259259259
0 0.7216145833333333 0.8976851851851851 0.09583333333333334 0.08518518518518518
8 0.68828125 0.5009259259259259 0.06510416666666667 0.041666666666666664
8 0.8111979166666666 0.3925925925925926 0.053125 0.03611111111111111
8 0.22838541666666667 0.6708333333333333 0.06927083333333334 0.06296296296296296
8 0.5010416666666667 0.6708333333333333 0.06302083333333333 0.058333333333333334
0 0.6877604166666667 0.6222222222222222 0.034895833333333334 0.032407407407407406
0 0.74375 0.6212962962962963 0.0390625 0.037037037037037035
8 0.32734375 0.6699074074074074 0.0640625 0.06018518518518518
8 0.12291666666666666 0.6152777777777778 0.06979166666666667 0.06018518518518518
0 0.39036458333333335 0.7425925925925926 0.05 0.05
8 0.13229166666666667 0.6773148148148148 0.0875 0.05925925925925926
0 0.8361979166666667 0.8958333333333334 0.09947916666666666 0.08611111111111111
0 0.6052083333333333 0.9050925925925926 0.09427083333333333 0.0824074074074074
