8 0.8332842776551386 0.7111044736492765 0.11578775243234408 0.12312491703172705
8 0.6701537077916768 0.7273662551440329 0.12138827569291132 0.13274923669188912
6 0.8172226310195405 0.5943515199787601 0.13796091897637164 0.13653258993760792
0 0.8948900335213802 0.3776383910792513 0.108012427438476 0.1168193282888624
8 0.9887212819883902 0.6903292181069959 0.012877115526122232 0.0821054028939333
8 0.48093778104815627 0.7566374618345945 0.11802796173657107 0.12697464489579185
0 0.7249243724961164 0.4164011681932829 0.10684326710816772 0.1095181202708084
0 0.2635965988063118 0.7197331740342493 0.12693974327528412 0.1369972122660293
8 0.3282765105060911 0.7759524757732644 0.11690785708445758 0.12504978096375954
0 0.29321805248957566 0.5008296827293244 0.10463576158940392 0.1092526217974246
0 0.4824993868040225 0.46439001725740076 0.10461940969667233 0.10746050710208412
0 0.4692911454500859 0.6404155051108456 0.11476575913662017 0.13195274127173756
