8 0.8700931098696462 0.300684780207643 0.09642458100558654 0.07282968853545393
8 0.1700931098696462 0.6716147559089904 0.04909993792675358 0.04040203225093898
8 0.24882060831781502 0.5573632280391723 0.06258224705152074 0.04654296443560843
0 0.150471756672874 0.442268610558869 0.04238361266294228 0.039319637729180464
0 0.20346989447548106 0.43700390251086074 0.03848541278708878 0.040262130918194486
0 0.16944134078212292 0.14982328252705987 0.09776536312849161 0.09073705912672116
0 0.06895096213531968 0.1763272218540608 0.0916449410304159 0.09264413518886679
8 0.536685288640596 0.34995950224578454 0.06732464307883293 0.06847065753626391
8 0.44717566728739916 0.36120315146160076 0.06725015518311606 0.0625064428245343
8 0.35900682805710743 0.3679920477137177 0.06501551831160768 0.06247698991237758
0 0.4425387957790192 0.2806383918709962 0.05605214152700195 0.0603711066931743
