8 0.17774429797028668 0.2249198897086221 0.052588407616656174 0.05298457411133469
8 0.2588156518100021 0.571786273194724 0.0757940991839297 0.08848647440196755
8 0.3382841598660808 0.6104590505998957 0.07283532119690302 0.08442506893211124
8 0.4201443816698054 0.6536254564423578 0.07881983678593851 0.09455995230643129
8 0.5132517263025738 0.7066994559952307 0.07928436911487767 0.09154929577464789
8 0.7280288763339612 0.820012668604218 0.10487968194182874 0.11400998584097179
8 0.8596170747018206 0.887663015127804 0.11182674199623356 0.11912959236902887
0 0.08508893073864825 0.42977494597212906 0.04816907302783008 0.05594306580222076
0 0.13229127432517263 0.45378940308517773 0.043515379786566236 0.05185930397198001
0 0.30843900397572716 0.6842611222892914 0.06243147101904161 0.07724867724867719
0 0.029614982213852274 0.7067106341754229 0.05922996442770455 0.11977792682018039
0 0.10348399246704333 0.7679148967881362 0.10514752040175768 0.12205827557940237
0 0.1999288554090814 0.8310008197332142 0.1144883866917765 0.13123183545718747
