8 0.59375 0.6689814814814815 0.06614583333333333 0.06574074074074074
8 0.675 0.6560185185185186 0.06354166666666666 0.05740740740740741
8 0.7505208333333333 0.6467592592592593 0.06041666666666667 0.05740740740740741
8 0.5049479166666667 0.6875 0.06927083333333334 0.06666666666666667
8 0.8505208333333333 0.35694444444444445 0.04375 0.03611111111111111
0 0.9216145833333333 0.5699074074074074 0.0390625 0.037037037037037035
0 0.8760416666666667 0.575925925925926 0.0359375 0.03611111111111111
0 0.6963541666666667 0.7305555555555555 0.053125 0.05648148148148148
8 0.409375 0.7106481481481481 0.08229166666666667 0.06388888888888888
8 0.29921875 0.7296296296296296 0.08177083333333333 0.07592592592592592
