6 0.3191821514347112 0.8050494826810617 0.17613449627101502 0.2684810316389262
6 0.7333333333333333 0.8268855900434848 0.1715080267981291 0.2621082621082622
6 0.5305460750853241 0.8174576398260609 0.13242320819112624 0.27267956215324635
6 0.12108456579446339 0.7836632178737442 0.22586272279105044 0.2909731593942121
6 0.13436354443180382 0.5933610736242315 0.15451902414359756 0.1760383865647023
6 0.6739792693717609 0.6327597840755737 0.12425736316521294 0.16494227020542818
6 0.26820250284414104 0.5977095516569201 0.13637972443433188 0.17989953516269297
6 0.7947288585513841 0.6374643874643874 0.12481355075211743 0.16396761133603238
6 0.9028251801289343 0.8369883040935673 0.1806472001011249 0.22023541760383866
6 0.4012830236379724 0.6097053531264058 0.11068132979395778 0.17011545958914362
6 0.1655858930602958 0.44948642974958763 0.13607634938692956 0.15560803718698446
