0 0.4673244673244673 0.24419191919191918 0.22608322608322604 0.21914702581369247
0 0.08987558987558987 0.49388888888888893 0.10578435578435577 0.09865319865319862
0 0.8458637208637209 0.4941245791245791 0.20870870870870867 0.1775196408529742
0 0.913091663091663 0.28921997755331086 0.1586586586586585 0.1782154882154882
0 0.0866044616044616 0.36846240179573514 0.10875160875160875 0.10030303030303028
0 0.8187294437294437 0.5976374859708193 0.20534820534820525 0.1471268237934904
0 0.4546153296153296 0.4417620650953984 0.20402545402545397 0.18032547699214369
0 0.4481445731445731 0.5583838383838383 0.19201344201344206 0.17069584736251397
0 0.43314743314743315 0.6814421997755331 0.18314743314743306 0.14609427609427608
0 0.8038395538395539 0.7184231200897867 0.19229944229944226 0.13593714927048262
