8 0.33317321872498207 0.6678812415654521 0.07778199132010276 0.08394062078272611
8 0.2458475540386803 0.6390913180386865 0.07403193865082375 0.07368421052631574
8 0.16461045801205074 0.6156095366621682 0.0706189693675473 0.07354925775978392
8 0.42794210592845405 0.704059829059829 0.0812286689419795 0.08508771929824556
8 0.07916613997387603 0.2823436797121007 0.0510049298445203 0.04750337381916336
0 0.003956516243205664 0.5019905533063428 0.007913032486411328 0.044466936572199675
0 0.03407070324021405 0.5161943319838057 0.042438798297728904 0.04615384615384606
0 0.2167846458517676 0.7164867296446245 0.06258795769603508 0.07121007647323442
8 0.5299203640500568 0.7460976158344579 0.09484683773648514 0.08461538461538452
8 0.6478932288374837 0.786740890688259 0.09528504613828837 0.09777327935222663
