8 0.7932783882783883 0.7520073784722222 0.10578754578754578 0.11704282407407418
8 0.5748717948717949 0.65625 0.08340659340659351 0.09024160879629628
8 0.39333333333333326 0.5815610532407407 0.07329670329670335 0.08373119212962976
0 0.3745787545787546 0.6542607060185186 0.06153846153846154 0.0771122685185186
8 0.3108424908424908 0.5483217592592593 0.07391941391941391 0.08572048611111116
0 0.1725824175824176 0.44533058449074076 0.042051282051282037 0.05439814814814814
0 0.12305860805860805 0.42460575810185186 0.047582417582417595 0.05573640046296302
8 0.18380952380952378 0.21600115740740738 0.05245421245421247 0.05410879629629628
0 0.18794871794871795 0.7522063078703703 0.11113553113553112 0.12811053240740744
0 0.08617216117216116 0.7040834780092593 0.10798534798534797 0.1171875
