0 0.1663027656477438 0.9315482695810566 0.14919941775836967 0.1275774134790526
0 0.6708151382823873 0.3838554948391014 0.11251819505094608 0.13411050394656945
0 0.8048034934497817 0.26659987856709166 0.10756914119359531 0.12060716454159078
0 0.5282023289665211 0.7388767455980572 0.14781659388646284 0.16990892531876128
0 0.6286754002911208 0.2987310261080753 0.0906841339155749 0.10767455980570731
0 0.5401382823871906 0.8472616879174256 0.1657205240174672 0.2057923497267759
0 0.4905749636098981 0.4344565877352762 0.10349344978165934 0.1267759562841529
0 0.16837700145560405 0.8548330297510627 0.14723435225618633 0.156794171220401
0 0.32154294032023284 0.8115786278081359 0.14854439592430851 0.16180935033394048
0 0.9332787481804949 0.44987856709168195 0.1334425036390102 0.17907710989678197
0 0.8125909752547307 0.7382574377656345 0.17700145560407557 0.21496053430479659
0 0.8802765647743813 0.3742683667273831 0.19556040756914106 0.24110503946569511
6 0.32412663755458515 0.7216514875531269 0.14475982532751094 0.1500425015179113
