6 0.35446205170975814 0.46440489432703 0.07422852376980818 0.09121245828698554
6 0.4224353628023353 0.3882091212458287 0.05170975813177648 0.07452725250278086
6 0.7731442869057548 0.5506117908787542 0.11759799833194329 0.11345939933259176
6 0.25688073394495414 0.5656284760845384 0.10758965804837364 0.12347052280311457
6 0.6809841534612177 0.4599555061179088 0.08256880733944955 0.08565072302558398
6 0.914095079232694 0.6946607341490545 0.14845704753961636 0.16129032258064516
6 0.6146788990825688 0.39265850945494996 0.060884070058381985 0.07007786429365963
6 0.1255212677231026 0.7219132369299222 0.1501251042535446 0.17908787541713014
6 0.5663052543786489 0.3437152391546162 0.043369474562135114 0.05672969966629588
6 0.5262718932443703 0.30088987764182423 0.03919933277731443 0.05339265850945495
6 0.47581317764804004 0.3420467185761958 0.045037531276063386 0.058954393770856504
