0 0.3369140625 0.2005856515373353 0.0849609375 0.05710102489019034
0 0.05810546875 0.45021961932650073 0.095703125 0.05856515373352855
0 0.18603515625 0.3330893118594436 0.0927734375 0.06149341142020498
0 0.865234375 0.2452415812591508 0.0869140625 0.05710102489019034
0 0.77978515625 0.39751098096632503 0.0927734375 0.055636896046852125
0 0.54443359375 0.6273792093704246 0.1025390625 0.06149341142020498
0 0.41796875 0.8748169838945827 0.427734375 0.24743777452415813
0 0.7314453125 0.5065885797950219 0.09765625 0.0629575402635432
6 0.80615234375 0.7130307467057101 0.3603515625 0.25329428989751096
0 0.6220703125 0.6998535871156661 0.1171875 0.05417276720351391
