5 0.6199231010671687 0.4588541666666667 0.7601537978656624 0.9145601851851852
5 0.325 0.5028935185185185 0.3887790332705587 0.516550925925926
5 0.18462021343377275 0.4887962962962963 0.23198367859384808 0.33365740740740757
5 0.12557281858129316 0.49725694444444446 0.17291274325172631 0.2799074074074074
5 0.07472536095417452 0.49781250000000005 0.12107658505963592 0.2512268518518518
5 0.06118957940991839 0.47451388888888885 0.09689265536723164 0.2259722222222223
2 0.38782956685499054 0.5115856481481481 0.0446798493408662 0.06608796296296297
2 0.11763182674199622 0.3316550925925926 0.05707784055241681 0.2380324074074074
2 0.28116760828625237 0.31111111111111106 0.04962335216572503 0.206712962962963
2 0.23806497175141245 0.3209606481481481 0.04684557438794722 0.1879398148148148
