5 0.6220703125 0.5128939828080229 0.708984375 0.7965616045845272
5 0.3203125 0.4899713467048711 0.33203125 0.45272206303724927
5 0.19140625 0.5114613180515759 0.1953125 0.29512893982808025
5 0.13671875 0.5071633237822349 0.14453125 0.24641833810888253
5 0.08984375 0.5100286532951289 0.09765625 0.22349570200573066
5 0.0693359375 0.5315186246418339 0.099609375 0.2034383954154728
2 0.3779296875 0.4785100286532951 0.037109375 0.05730659025787966
2 0.138671875 0.6590257879656161 0.0390625 0.2148997134670487
2 0.2900390625 0.669054441260745 0.03515625 0.18624641833810887
2 0.25 0.66189111747851 0.033203125 0.16905444126074498
