5 0.37027777777777776 0.487 0.615 0.954
5 0.6930555555555555 0.5985 0.28944444444444445 0.537
4 0.9016666666666666 0.723 0.07888888888888888 0.156
4 0.9336111111111111 0.711 0.06055555555555556 0.152
4 0.9597222222222223 0.703 0.065 0.124
6 0.20555555555555555 0.7015 0.14222222222222222 0.205
6 0.07111111111111111 0.7265 0.12777777777777777 0.147
8 0.05583333333333333 0.6295 0.03611111111111111 0.061
8 0.019166666666666665 0.631 0.035 0.05
8 0.1436111111111111 0.6675 0.049444444444444444 0.089
8 0.24083333333333334 0.648 0.04388888888888889 0.052
8 0.6452777777777777 0.663 0.03166666666666667 0.048
8 0.6472222222222223 0.63 0.023333333333333334 0.042
8 0.6652777777777777 0.6255 0.020555555555555556 0.043
8 0.8380555555555556 0.6605 0.03833333333333333 0.079
8 0.875 0.6305 0.03222222222222222 0.043
